0 0.256836 0.709201 0.007812 0.008681
0 0.292969 0.697917 0.003906 0.010417
0 0.388672 0.698785 0.003906 0.008681
0 0.409180 0.729167 0.003906 0.013889
0 0.453613 0.684028 0.006836 0.017361
0 0.496094 0.732639 0.005859 0.013889
0 0.516113 0.680556 0.004883 0.013889
0 0.535156 0.631944 0.003906 0.013889
0 0.638184 0.647569 0.004883 0.010417
0 0.679199 0.637153 0.004883 0.013889
0 0.693848 0.633681 0.004883 0.010417
0 0.677246 0.739583 0.006836 0.010417
0 0.736328 0.676215 0.005859 0.012153
0 0.768555 0.624132 0.005859 0.012153
0 0.185547 0.618056 0.003906 0.010417
0 0.221191 0.618056 0.004883 0.010417
0 0.252930 0.622396 0.005859 0.008681
0 0.301758 0.612847 0.003906 0.006944
0 0.316895 0.567708 0.002930 0.006944
0 0.282715 0.563368 0.002930 0.005208
0 0.242676 0.566840 0.004883 0.005208
0 0.203613 0.564236 0.002930 0.003472
0 0.156738 0.562500 0.002930 0.003472
0 0.332520 0.638889 0.004883 0.006944
0 0.353027 0.621528 0.002930 0.006944
0 0.378418 0.623264 0.004883 0.010417
0 0.361328 0.575521 0.005859 0.008681
0 0.461914 0.636285 0.003906 0.008681
0 0.449219 0.624132 0.003906 0.008681
0 0.460449 0.575521 0.002930 0.008681
0 0.437500 0.573785 0.005859 0.012153
0 0.500977 0.559028 0.001953 0.006944
0 0.662109 0.636285 0.001953 0.008681
0 0.611816 0.585069 0.002930 0.006944
0 0.668457 0.578993 0.002930 0.005208
0 0.714355 0.578125 0.002930 0.006944
0 0.744629 0.578993 0.002930 0.008681
0 0.784180 0.635417 0.003906 0.006944
0 0.800781 0.638889 0.003906 0.010417
0 0.818848 0.631944 0.004883 0.010417
0 0.848145 0.640625 0.004883 0.010417
0 0.880859 0.631944 0.003906 0.010417
0 0.900391 0.644097 0.003906 0.006944
0 0.930664 0.630208 0.003906 0.013889
0 0.975098 0.638889 0.004883 0.010417
0 0.960938 0.585938 0.003906 0.005208
0 0.918945 0.591146 0.001953 0.008681
0 0.833984 0.579861 0.001953 0.006944
0 0.725098 0.645833 0.004883 0.006944
0 0.102051 0.625868 0.002930 0.008681
0 0.121582 0.631076 0.004883 0.008681
0 0.517090 0.559896 0.002930 0.005208
0 0.535156 0.559028 0.003906 0.006944
0 0.562988 0.563368 0.002930 0.005208