0 0.140625 0.680339 0.011719 0.022135
0 0.150879 0.701172 0.014648 0.024740
0 0.145508 0.733724 0.015625 0.024740
0 0.207031 0.725911 0.015625 0.024740
0 0.198730 0.679036 0.014648 0.022135
0 0.205566 0.701823 0.016602 0.023438
0 0.235840 0.661458 0.012695 0.023438
0 0.245605 0.682292 0.010742 0.020833
0 0.252441 0.703125 0.012695 0.020833
0 0.258789 0.731771 0.011719 0.023438
0 0.308105 0.724609 0.014648 0.024740
0 0.301758 0.705078 0.013672 0.022135
0 0.295410 0.683594 0.010742 0.023438
0 0.284180 0.658854 0.009766 0.020833
0 0.332031 0.674479 0.011719 0.023438
0 0.376465 0.661458 0.012695 0.020833
0 0.346191 0.677083 0.012695 0.020833
0 0.355469 0.707031 0.009766 0.018229
0 0.366699 0.724609 0.012695 0.024740
0 0.398926 0.676432 0.010742 0.022135
0 0.412598 0.697266 0.012695 0.022135
0 0.417480 0.726562 0.014648 0.026042
0 0.459473 0.691406 0.014648 0.023438
0 0.441895 0.664714 0.012695 0.019531
0 0.469238 0.666667 0.010742 0.018229
0 0.422363 0.666667 0.010742 0.018229
0 0.468750 0.721354 0.015625 0.018229
0 0.507812 0.696615 0.013672 0.023438
0 0.489258 0.685547 0.011719 0.019531
0 0.532715 0.677734 0.012695 0.019531
0 0.523926 0.722005 0.014648 0.022135
0 0.559082 0.692708 0.014648 0.018229
0 0.580078 0.673177 0.013672 0.020833
0 0.605957 0.688802 0.014648 0.023438
0 0.580566 0.733724 0.012695 0.019531
0 0.641113 0.726562 0.014648 0.026042
0 0.723145 0.702474 0.016602 0.029948
0 0.760742 0.676432 0.011719 0.019531
0 0.806152 0.673177 0.012695 0.018229
0 0.798828 0.694010 0.013672 0.020833
0 0.839844 0.694010 0.013672 0.026042
0 0.822754 0.725260 0.014648 0.023438
0 0.866211 0.733073 0.011719 0.018229
0 0.874512 0.695312 0.012695 0.020833
0 0.908203 0.719401 0.013672 0.022135
0 0.926758 0.766276 0.017578 0.027344
0 0.992676 0.763021 0.014648 0.023438