0 0.036133 0.103896 0.017578 0.031169
0 0.043457 0.165584 0.018555 0.037662
0 0.105957 0.171429 0.047852 0.067532
0 0.140137 0.179221 0.030273 0.046753
0 0.219238 0.290260 0.061523 0.079221
0 0.382812 0.194156 0.035156 0.048052
0 0.338379 0.172078 0.018555 0.040260
0 0.490723 0.157792 0.032227 0.042857
0 0.540527 0.137013 0.028320 0.037662
0 0.633789 0.147403 0.041016 0.050649
0 0.686035 0.262338 0.067383 0.096104
0 0.761230 0.173377 0.016602 0.024675
0 0.812988 0.185065 0.047852 0.066234
0 0.789062 0.164286 0.019531 0.040260
0 0.848145 0.215584 0.040039 0.057143
0 0.925781 0.204545 0.035156 0.050649
0 0.964355 0.157143 0.028320 0.046753
0 0.260254 0.211688 0.038086 0.059740