0 0.753906 0.768275 0.011719 0.016082
0 0.770020 0.755117 0.012695 0.016082
0 0.799805 0.712719 0.011719 0.021930
0 0.718262 0.753655 0.008789 0.019006
0 0.672852 0.844298 0.009766 0.019006
0 0.848145 0.655702 0.012695 0.021930
0 0.821289 0.727339 0.013672 0.027778
0 0.609863 0.811404 0.016602 0.026316
0 0.695801 0.625000 0.010742 0.019006
0 0.532227 0.627924 0.011719 0.019006
0 0.573730 0.869152 0.016602 0.021930
0 0.961426 0.814327 0.006836 0.011696
0 0.972168 0.790205 0.006836 0.010234
0 0.703125 0.694444 0.011719 0.020468
0 0.385742 0.690058 0.011719 0.017544
0 0.396484 0.863304 0.011719 0.021930
0 0.292969 0.801170 0.011719 0.023392
0 0.320801 0.736111 0.010742 0.016082
0 0.192383 0.796784 0.011719 0.020468
0 0.162109 0.709064 0.011719 0.020468
0 0.119141 0.717836 0.009766 0.020468
0 0.208008 0.663743 0.009766 0.020468
0 0.464355 0.847953 0.010742 0.020468
0 0.051270 0.686404 0.012695 0.019006
0 0.032227 0.719298 0.013672 0.020468
0 0.071289 0.692982 0.011719 0.017544
0 0.483398 0.782164 0.011719 0.023392
0 0.511230 0.818713 0.012695 0.023392
0 0.240723 0.786550 0.012695 0.020468
0 0.468262 0.647661 0.010742 0.017544