0 0.964844 0.736496 0.048828 0.089051
0 0.977051 0.846715 0.036133 0.075912
0 0.842773 0.867883 0.041016 0.077372
0 0.757324 0.710219 0.034180 0.071533
0 0.777344 0.745985 0.029297 0.055474
0 0.729492 0.754745 0.033203 0.058394
0 0.675293 0.705839 0.028320 0.056934
0 0.732910 0.662774 0.034180 0.058394
0 0.672852 0.632117 0.035156 0.061314
0 0.864746 0.681752 0.036133 0.058394
0 0.894043 0.619708 0.041992 0.074453
0 0.689453 0.975912 0.060547 0.048175
0 0.499023 0.691241 0.033203 0.062774
0 0.461914 0.748175 0.029297 0.077372
0 0.082031 0.898540 0.042969 0.074453
0 0.193848 0.867883 0.040039 0.074453
0 0.228516 0.767153 0.046875 0.074453
0 0.298828 0.842336 0.035156 0.078832
0 0.905273 0.472263 0.025391 0.048175
0 0.836914 0.448175 0.015625 0.029197
0 0.857422 0.451825 0.017578 0.036496
0 0.856445 0.425547 0.017578 0.027737
0 0.800293 0.380292 0.022461 0.036496
0 0.876465 0.377372 0.022461 0.045255
0 0.756836 0.586131 0.033203 0.062774
0 0.729004 0.581752 0.028320 0.048175
0 0.690430 0.541606 0.031250 0.055474
0 0.672852 0.537226 0.023438 0.043796
0 0.861328 0.567883 0.021484 0.043796
0 0.460938 0.619708 0.025391 0.062774
0 0.425781 0.587591 0.035156 0.059854
0 0.348145 0.640876 0.028320 0.052555
0 0.029297 0.638686 0.025391 0.059854
0 0.303711 0.520438 0.027344 0.054015
0 0.266113 0.510219 0.028320 0.054015
0 0.281250 0.466423 0.031250 0.051095
0 0.166504 0.444526 0.022461 0.045255
0 0.107910 0.442336 0.024414 0.040876
0 0.027344 0.343066 0.025391 0.040876
0 0.114258 0.306569 0.019531 0.032117
0 0.074707 0.313139 0.018555 0.030657
0 0.098633 0.375182 0.021484 0.040876
0 0.112793 0.859124 0.040039 0.080292
0 0.131836 0.348905 0.013672 0.032117
0 0.290039 0.343796 0.011719 0.021898
0 0.227539 0.337226 0.019531 0.037956
0 0.302734 0.426277 0.023438 0.043796
0 0.675293 0.106569 0.012695 0.020438
0 0.656738 0.027007 0.008789 0.016058
0 0.609863 0.021898 0.010742 0.017518
0 0.798828 0.112409 0.011719 0.020438
0 0.753418 0.110949 0.010742 0.020438
0 0.851562 0.020438 0.009766 0.020438
0 0.749023 0.331387 0.009766 0.017518
0 0.772461 0.402920 0.029297 0.058394
0 0.441895 0.856934 0.026367 0.087591