0 0.911133 0.637026 0.054688 0.110787
0 0.839844 0.725219 0.041016 0.071429
0 0.820312 0.674927 0.021484 0.040816
0 0.838867 0.653061 0.011719 0.020408
0 0.805664 0.690962 0.019531 0.040816
0 0.821777 0.744898 0.026367 0.052478
0 0.580566 0.672741 0.059570 0.120991
0 0.500488 0.686589 0.026367 0.052478
0 0.484375 0.755831 0.031250 0.053936
0 0.425781 0.701166 0.072266 0.137026
0 0.370605 0.750000 0.030273 0.056851
0 0.633301 0.540816 0.139648 0.271137
0 0.346680 0.685860 0.021484 0.033528
0 0.318848 0.702624 0.036133 0.067055
0 0.370117 0.796647 0.042969 0.083090
0 0.344238 0.831633 0.036133 0.074344
0 0.268066 0.812682 0.086914 0.179300
0 0.254883 0.627551 0.023438 0.045190
0 0.208008 0.671283 0.062500 0.120991
0 0.172363 0.699708 0.045898 0.078717
0 0.086914 0.748542 0.060547 0.106414
0 0.022949 0.697522 0.038086 0.080175
0 0.131836 0.668367 0.013672 0.021866
0 0.007812 0.766035 0.015625 0.083090
0 0.143555 0.710641 0.021484 0.048105
0 0.127930 0.704810 0.025391 0.053936
0 0.861328 0.708455 0.033203 0.064140