0 0.527344 0.219841 0.097656 0.160317
0 0.969727 0.162698 0.029297 0.055556
0 0.734375 0.176984 0.027344 0.049206
0 0.832520 0.148413 0.008789 0.023810
0 0.850098 0.142063 0.008789 0.023810
0 0.937012 0.150000 0.022461 0.049206
0 0.771973 0.139683 0.008789 0.019048
0 0.808594 0.139683 0.009766 0.019048
0 0.882324 0.152381 0.006836 0.019048
0 0.962891 0.101587 0.007812 0.015873
0 0.656250 0.165079 0.005859 0.012698
0 0.639160 0.164286 0.004883 0.011111
0 0.604004 0.162698 0.018555 0.042857
0 0.418457 0.194444 0.012695 0.030159
0 0.373047 0.147619 0.015625 0.031746
0 0.336426 0.162698 0.004883 0.014286
0 0.273926 0.150000 0.022461 0.049206
0 0.309570 0.145238 0.009766 0.020635
0 0.317871 0.174603 0.012695 0.034921
0 0.189941 0.165079 0.034180 0.073016
0 0.092773 0.133333 0.013672 0.034921
0 0.014648 0.154762 0.011719 0.023810
0 0.139160 0.156349 0.006836 0.014286
0 0.289551 0.147619 0.008789 0.019048