0 0.289062 0.545714 0.021484 0.037143
0 0.314453 0.510714 0.019531 0.035714
0 0.424805 0.515714 0.027344 0.048571
0 0.348633 0.595000 0.013672 0.032857
0 0.191895 0.452143 0.018555 0.030000
0 0.179688 0.465714 0.011719 0.022857
0 0.481934 0.474286 0.010742 0.022857
0 0.448242 0.475714 0.009766 0.020000
0 0.536621 0.512857 0.006836 0.017143
0 0.563965 0.515714 0.010742 0.020000
0 0.596191 0.458571 0.010742 0.017143
0 0.579102 0.571429 0.009766 0.017143
0 0.616699 0.427857 0.024414 0.044286
0 0.745605 0.451429 0.008789 0.014286
0 0.732422 0.517857 0.009766 0.018571
0 0.723633 0.477143 0.009766 0.020000
0 0.677734 0.467143 0.007812 0.014286
0 0.670410 0.430714 0.006836 0.010000
0 0.856934 0.441429 0.004883 0.011429
0 0.470215 0.222143 0.008789 0.015714
0 0.402344 0.238571 0.007812 0.011429