0 0.859375 0.484375 0.042969 0.062500
0 0.808105 0.532552 0.030273 0.046875
0 0.768066 0.497396 0.022461 0.033854
0 0.776367 0.453125 0.015625 0.026042
0 0.738770 0.552083 0.014648 0.023438
0 0.725098 0.516927 0.012695 0.023438
0 0.710449 0.513021 0.012695 0.020833
0 0.696777 0.494792 0.016602 0.023438
0 0.674316 0.501953 0.014648 0.024740
0 0.719727 0.453125 0.009766 0.015625
0 0.646973 0.476562 0.012695 0.018229
0 0.665039 0.443359 0.007812 0.014323
0 0.126465 0.536458 0.020508 0.028646
0 0.208984 0.537109 0.015625 0.022135
0 0.209961 0.477214 0.015625 0.022135
0 0.210938 0.455078 0.013672 0.016927
0 0.242676 0.457682 0.008789 0.014323
0 0.282227 0.458984 0.007812 0.014323
0 0.302246 0.453125 0.010742 0.015625
0 0.312500 0.459635 0.007812 0.015625
0 0.033691 0.477865 0.024414 0.041667
0 0.121094 0.483073 0.011719 0.023438
0 0.636719 0.448568 0.009766 0.016927
0 0.627441 0.459635 0.008789 0.015625
0 0.351562 0.465495 0.009766 0.011719
0 0.366699 0.454427 0.006836 0.013021
0 0.333496 0.461589 0.006836 0.014323
0 0.960938 0.448568 0.011719 0.014323
0 0.983887 0.445312 0.012695 0.020833
0 0.893066 0.449870 0.012695 0.022135
0 0.824219 0.453125 0.011719 0.020833
0 0.732910 0.445312 0.008789 0.013021
0 0.692383 0.447917 0.005859 0.010417
0 0.605957 0.455729 0.004883 0.010417
0 0.611816 0.453776 0.006836 0.006510
0 0.593750 0.447266 0.005859 0.006510
0 0.587891 0.440755 0.005859 0.009115
0 0.638672 0.485677 0.007812 0.013021
0 0.602539 0.458984 0.005859 0.011719
0 0.599121 0.468750 0.008789 0.018229
0 0.549805 0.449870 0.003906 0.009115
0 0.525879 0.449870 0.004883 0.009115
0 0.528809 0.440755 0.002930 0.003906
0 0.505371 0.444661 0.004883 0.006510
0 0.501953 0.442057 0.003906 0.006510
0 0.484863 0.445964 0.004883 0.009115
0 0.477051 0.445964 0.004883 0.009115
0 0.462891 0.449870 0.003906 0.009115
0 0.454102 0.447266 0.003906 0.006510
0 0.440430 0.455078 0.005859 0.009115
0 0.459473 0.450521 0.002930 0.007812
0 0.433105 0.446615 0.004883 0.007812
0 0.428711 0.450521 0.003906 0.005208
0 0.390625 0.448568 0.005859 0.009115
0 0.362305 0.444010 0.003906 0.005208
0 0.372559 0.457682 0.004883 0.009115
0 0.355469 0.449870 0.003906 0.006510
0 0.338379 0.458333 0.004883 0.013021
0 0.349121 0.454427 0.004883 0.007812
0 0.345215 0.460286 0.004883 0.014323
0 0.186035 0.460938 0.014648 0.026042
0 0.150391 0.461589 0.011719 0.022135
0 0.136230 0.457682 0.006836 0.014323
0 0.112305 0.463542 0.007812 0.015625
0 0.266602 0.473958 0.009766 0.020833
0 0.791504 0.503255 0.018555 0.032552
0 0.676758 0.479167 0.011719 0.023438
0 0.760254 0.445964 0.010742 0.014323
0 0.651855 0.447917 0.008789 0.013021
0 0.563477 0.448568 0.007812 0.011719
0 0.940918 0.679688 0.051758 0.083333
0 0.872070 0.707682 0.035156 0.061198