0 0.136230 0.755984 0.038086 0.062500
0 0.134766 0.662234 0.039062 0.069149
0 0.464844 0.829787 0.091797 0.148936
0 0.435547 0.684176 0.033203 0.054521
0 0.489746 0.644947 0.026367 0.042553
0 0.146973 0.588431 0.008789 0.017287
0 0.199219 0.623670 0.011719 0.023936
0 0.311523 0.644947 0.013672 0.023936
0 0.260742 0.577793 0.009766 0.014628
0 0.291504 0.589761 0.006836 0.014628
0 0.194824 0.597074 0.008789 0.015957
0 0.212891 0.588431 0.011719 0.017287
0 0.166992 0.584441 0.007812 0.014628
0 0.331543 0.605053 0.008789 0.021277
0 0.310059 0.593085 0.008789 0.015957
0 0.419922 0.603059 0.009766 0.017287
0 0.519043 0.640293 0.014648 0.027926
0 0.581055 0.597739 0.011719 0.019947
0 0.636230 0.615027 0.012695 0.022606
0 0.573730 0.785239 0.040039 0.041223
0 0.389160 0.579787 0.006836 0.013298
0 0.662598 0.573138 0.006836 0.007979
0 0.670410 0.593750 0.004883 0.009309
0 0.664551 0.612367 0.006836 0.017287
0 0.640137 0.586436 0.004883 0.005319
0 0.618652 0.607713 0.008789 0.013298
0 0.606445 0.592420 0.005859 0.009309
0 0.601074 0.585106 0.006836 0.013298
0 0.554199 0.590426 0.006836 0.007979
0 0.559570 0.603723 0.005859 0.010638
0 0.554199 0.604388 0.004883 0.009309
0 0.542969 0.598404 0.007812 0.013298
0 0.527832 0.615691 0.008789 0.021277
0 0.630371 0.584441 0.006836 0.009309
0 0.662598 0.587766 0.008789 0.013298
0 0.479004 0.614362 0.010742 0.013298
0 0.464844 0.581117 0.007812 0.015957
0 0.479492 0.595745 0.007812 0.013298
0 0.483398 0.578457 0.005859 0.010638
0 0.381836 0.599069 0.005859 0.011968
0 0.370117 0.595745 0.003906 0.010638
0 0.366699 0.596410 0.004883 0.011968
0 0.372559 0.597739 0.004883 0.011968
0 0.348633 0.588431 0.007812 0.011968
0 0.353516 0.581117 0.005859 0.010638
0 0.443359 0.599069 0.005859 0.009309
0 0.074707 0.587766 0.008789 0.013298
0 0.092285 0.589761 0.006836 0.011968
0 0.133789 0.584441 0.005859 0.011968
0 0.172363 0.593085 0.004883 0.010638
0 0.244141 0.591090 0.007812 0.009309
0 0.253418 0.584441 0.004883 0.009309
0 0.407715 0.595080 0.006836 0.011968
0 0.401855 0.593085 0.006836 0.013298
0 0.495117 0.585106 0.007812 0.013298
0 0.970215 0.623005 0.022461 0.038564
0 0.991211 0.692154 0.017578 0.051862