0 0.175781 0.554985 0.062500 0.121701
0 0.130859 0.505865 0.021484 0.035191
0 0.376953 0.585777 0.037109 0.060117
0 0.473633 0.502933 0.099609 0.202346
0 0.600098 0.519795 0.030273 0.063050
0 0.652832 0.465543 0.010742 0.024927
0 0.666504 0.460411 0.010742 0.017595
0 0.836914 0.486804 0.015625 0.023460
0 0.850586 0.449413 0.015625 0.024927
0 0.899902 0.460411 0.010742 0.017595
0 0.949707 0.456012 0.012695 0.023460
0 0.977051 0.435484 0.012695 0.020528
0 0.673828 0.541056 0.019531 0.038123
0 0.697754 0.508065 0.018555 0.027859