0 0.124023 0.546324 0.070312 0.122059
0 0.817383 0.868382 0.009766 0.025000
0 0.824219 0.816912 0.011719 0.019118
0 0.782227 0.813971 0.007812 0.016176
0 0.833984 0.796324 0.009766 0.016176
0 0.740723 0.830147 0.012695 0.022059
0 0.689941 0.816176 0.010742 0.020588
0 0.674316 0.788235 0.008789 0.017647
0 0.686035 0.786765 0.008789 0.014706
0 0.871582 0.753676 0.006836 0.013235
0 0.820801 0.777941 0.008789 0.011765
0 0.989258 0.841912 0.013672 0.022059
0 0.977539 0.852206 0.013672 0.025000
0 0.948730 0.839706 0.012695 0.020588
0 0.958008 0.820588 0.011719 0.020588
0 0.997070 0.811029 0.005859 0.019118
0 0.987305 0.817647 0.011719 0.020588
0 0.990723 0.769853 0.008789 0.019118
0 0.918945 0.774265 0.007812 0.016176
0 0.953613 0.776471 0.008789 0.017647
0 0.667969 0.830147 0.009766 0.016176
0 0.632812 0.838235 0.007812 0.017647
0 0.554199 0.747794 0.008789 0.016176
0 0.648926 0.750735 0.006836 0.016176
0 0.765625 0.761029 0.009766 0.019118
0 0.700195 0.839706 0.011719 0.023529
0 0.855469 0.767647 0.007812 0.014706
0 0.706055 0.762500 0.007812 0.013235
0 0.736328 0.748529 0.007812 0.014706
0 0.941406 0.770588 0.007812 0.017647
0 0.743164 0.853676 0.007812 0.019118
0 0.558105 0.864706 0.016602 0.026471
0 0.717285 0.750000 0.008789 0.014706
0 0.666992 0.855147 0.009766 0.019118
0 0.983398 0.752206 0.011719 0.022059
0 0.795410 0.744853 0.006836 0.013235
0 0.706055 0.747059 0.007812 0.011765
0 0.526367 0.813971 0.007812 0.013235
0 0.995605 0.753676 0.006836 0.019118
0 0.909668 0.764706 0.008789 0.014706
0 0.751465 0.763971 0.006836 0.013235