0 0.117676 0.469244 0.096680 0.203866
0 0.486816 0.466608 0.098633 0.212654
0 0.737793 0.254833 0.092773 0.168717
0 0.253906 0.413884 0.056641 0.100176
0 0.394043 0.160808 0.049805 0.100176
0 0.219727 0.301406 0.039062 0.061511
0 0.206543 0.214411 0.030273 0.045694
0 0.096191 0.250439 0.040039 0.068541
0 0.174316 0.208260 0.020508 0.040422
0 0.308105 0.187170 0.020508 0.050967
0 0.220215 0.071178 0.018555 0.033392
0 0.171387 0.076450 0.012695 0.026362
0 0.357422 0.082601 0.015625 0.045694
0 0.445312 0.087873 0.009766 0.021090
0 0.507812 0.098418 0.013672 0.028120
0 0.495117 0.100176 0.009766 0.021090
0 0.533203 0.121265 0.009766 0.024605
0 0.536133 0.180141 0.009766 0.019332
0 0.661133 0.261863 0.025391 0.059754
0 0.664551 0.099297 0.018555 0.033392
0 0.815430 0.189807 0.025391 0.045694
0 0.894043 0.369947 0.038086 0.075571
0 0.906250 0.142355 0.017578 0.028120
0 0.931641 0.241652 0.017578 0.036907
0 0.518066 0.125659 0.014648 0.033392