0 0.945312 0.571057 0.031250 0.067591
0 0.795410 0.557192 0.028320 0.067591
0 0.679688 0.514731 0.027344 0.065858
0 0.613770 0.604853 0.030273 0.062392
0 0.459473 0.528596 0.020508 0.048527
0 0.303223 0.461005 0.020508 0.051993
0 0.974121 0.387348 0.014648 0.032929
0 0.926270 0.377816 0.010742 0.027730
0 0.879883 0.366551 0.011719 0.029463
0 0.823730 0.344887 0.014648 0.031196
0 0.779785 0.470537 0.020508 0.046794
0 0.585449 0.506066 0.022461 0.051993
0 0.218750 0.286828 0.011719 0.025997
0 0.187988 0.222704 0.010742 0.022530
0 0.088867 0.240035 0.009766 0.019064
0 0.069824 0.240901 0.010742 0.020797
0 0.074219 0.344021 0.013672 0.022530
0 0.651855 0.507799 0.020508 0.048527
0 0.972656 0.454073 0.025391 0.058925