0 0.008301 0.282227 0.014648 0.014974
0 0.040039 0.287760 0.013672 0.011719
0 0.069336 0.279297 0.023438 0.015625
0 0.102539 0.250326 0.023438 0.017578
0 0.103027 0.250326 0.024414 0.017578
0 0.162598 0.273763 0.020508 0.016276
0 0.220215 0.256185 0.024414 0.017578
0 0.249512 0.263021 0.022461 0.015625
0 0.294922 0.212565 0.029297 0.021484
0 0.353516 0.231771 0.021484 0.018229
0 0.395996 0.246094 0.020508 0.018229
0 0.429688 0.268880 0.021484 0.019531
0 0.472656 0.252604 0.019531 0.016927
0 0.513184 0.276367 0.020508 0.017578
0 0.546875 0.271484 0.019531 0.014323
0 0.594727 0.270833 0.021484 0.015625
0 0.627441 0.282878 0.020508 0.016276
0 0.691895 0.259766 0.020508 0.015625
0 0.215820 0.312174 0.025391 0.017578
0 0.111816 0.367839 0.032227 0.023438
0 0.159668 0.370768 0.034180 0.029297
0 0.139160 0.410807 0.049805 0.036458
0 0.268066 0.373047 0.040039 0.032552
0 0.274902 0.409831 0.030273 0.021484
0 0.449219 0.479492 0.169922 0.151693
0 0.640625 0.442057 0.210938 0.162760
0 0.816895 0.360352 0.016602 0.014974
0 0.839844 0.424479 0.025391 0.019531
0 0.876953 0.428060 0.029297 0.021484
0 0.928223 0.443359 0.040039 0.026042
0 0.975098 0.399414 0.030273 0.025391
0 0.858887 0.403320 0.026367 0.021484
0 0.874023 0.360026 0.023438 0.019531
0 0.947266 0.368490 0.023438 0.019531
0 0.770020 0.260417 0.020508 0.015625
0 0.729492 0.289388 0.015625 0.013672
0 0.807129 0.283854 0.018555 0.015625
0 0.886230 0.288737 0.018555 0.014974
0 0.941406 0.268555 0.023438 0.014974