0 0.428223 0.845534 0.014648 0.027818
0 0.405273 0.845534 0.017578 0.030747
0 0.372559 0.875549 0.016602 0.038067
0 0.397461 0.825769 0.011719 0.017570
0 0.356934 0.876281 0.014648 0.027818
0 0.325684 0.920205 0.018555 0.036603
0 0.342773 0.846266 0.011719 0.023426
0 0.349121 0.792094 0.012695 0.020498
0 0.302734 0.806003 0.011719 0.024890
0 0.322754 0.800878 0.010742 0.023426
0 0.308105 0.791362 0.008789 0.016105
0 0.020996 0.675695 0.004883 0.007321
0 0.047852 0.677160 0.005859 0.007321
0 0.032715 0.691801 0.006836 0.010249
0 0.021484 0.692533 0.005859 0.008785
0 0.056641 0.668375 0.005859 0.010249
0 0.075195 0.666911 0.005859 0.010249
0 0.089355 0.664714 0.006836 0.008785
0 0.097656 0.677160 0.005859 0.007321
0 0.120117 0.672767 0.005859 0.010249
0 0.116211 0.685944 0.005859 0.007321
0 0.141602 0.678624 0.007812 0.010249
0 0.074707 0.710835 0.006836 0.010249
0 0.045410 0.715227 0.006836 0.013177
0 0.060059 0.732064 0.008789 0.014641
0 0.055664 0.744510 0.009766 0.016105
0 0.019531 0.762811 0.009766 0.017570
0 0.014160 0.743777 0.006836 0.014641
0 0.047363 0.774524 0.012695 0.020498
0 0.062988 0.779649 0.012695 0.024890
0 0.079102 0.746706 0.009766 0.011713
0 0.084473 0.755490 0.008789 0.014641
0 0.093262 0.767936 0.010742 0.019034
0 0.102051 0.763543 0.008789 0.016105
0 0.026367 0.809663 0.011719 0.017570
0 0.033203 0.811859 0.013672 0.019034
0 0.030762 0.836018 0.014648 0.026354
0 0.065918 0.840410 0.016602 0.023426
0 0.092773 0.833089 0.013672 0.026354
0 0.109863 0.838214 0.018555 0.024890
0 0.142090 0.767204 0.010742 0.017570
0 0.142090 0.745974 0.010742 0.016105
0 0.146973 0.730600 0.010742 0.017570
0 0.155273 0.729136 0.007812 0.017570
0 0.147461 0.699854 0.009766 0.014641
0 0.160645 0.702782 0.006836 0.014641
0 0.170898 0.709370 0.007812 0.013177
0 0.190430 0.724012 0.007812 0.016105
0 0.185059 0.749634 0.012695 0.020498
0 0.152832 0.803807 0.012695 0.023426
0 0.139648 0.827233 0.011719 0.026354
0 0.190918 0.816984 0.016602 0.029283
0 0.203125 0.733529 0.009766 0.020498
0 0.203125 0.778917 0.009766 0.017570
0 0.212891 0.718155 0.007812 0.013177
0 0.219238 0.734993 0.008789 0.014641
0 0.245605 0.734993 0.010742 0.017570
0 0.252441 0.753294 0.012695 0.021962
0 0.262207 0.752562 0.008789 0.014641
0 0.274902 0.751830 0.010742 0.024890
0 0.267090 0.765007 0.012695 0.021962
0 0.236328 0.816984 0.015625 0.029283
0 0.244629 0.808199 0.010742 0.023426
0 0.224121 0.777452 0.012695 0.020498
0 0.221191 0.755490 0.010742 0.014641
0 0.290527 0.776720 0.008789 0.016105
0 0.299316 0.782577 0.010742 0.019034
0 0.221680 0.807467 0.009766 0.019034
0 0.180664 0.788433 0.009766 0.021962
0 0.276855 0.871889 0.014648 0.030747
0 0.285645 0.874817 0.012695 0.024890
0 0.296387 0.904100 0.016602 0.027818
0 0.270020 0.929722 0.018555 0.035139
0 0.230469 0.949488 0.017578 0.033675
0 0.231934 0.921669 0.018555 0.027818
0 0.184082 0.952416 0.020508 0.036603
0 0.183105 0.890922 0.018555 0.036603
0 0.219727 0.879941 0.019531 0.035139
0 0.232910 0.859444 0.012695 0.029283
0 0.170898 0.867496 0.017578 0.030747
0 0.267578 0.842606 0.017578 0.027818
0 0.111816 0.866764 0.018555 0.029283
0 0.104004 0.907760 0.018555 0.035139
0 0.130371 0.977306 0.018555 0.030747
0 0.061523 0.988287 0.025391 0.020498
0 0.042969 0.953880 0.017578 0.033675
0 0.059570 0.893851 0.015625 0.030747
0 0.041992 0.882870 0.013672 0.023426
0 0.041016 0.923133 0.017578 0.030747
0 0.133301 0.942899 0.014648 0.023426
0 0.144531 0.645681 0.005859 0.005857
0 0.153809 0.644949 0.004883 0.007321
0 0.180664 0.634700 0.003906 0.007321
0 0.186035 0.640556 0.004883 0.007321
0 0.165039 0.653001 0.003906 0.008785
0 0.200195 0.647877 0.005859 0.010249
0 0.198730 0.662518 0.004883 0.007321
0 0.205078 0.671303 0.005859 0.010249
0 0.189453 0.653001 0.005859 0.011713
0 0.216309 0.663982 0.004883 0.007321
0 0.226074 0.663982 0.004883 0.010249
0 0.211426 0.619327 0.004883 0.008785
0 0.204590 0.630307 0.004883 0.007321
0 0.225586 0.631772 0.003906 0.007321
0 0.247559 0.621523 0.004883 0.007321
0 0.243164 0.625183 0.003906 0.005857
0 0.260254 0.613470 0.002930 0.005857
0 0.235840 0.672767 0.006836 0.010249
0 0.239258 0.678624 0.005859 0.010249
0 0.253906 0.688141 0.005859 0.008785
0 0.246582 0.688873 0.006836 0.010249
0 0.268555 0.688141 0.007812 0.011713
0 0.280762 0.677160 0.006836 0.010249
0 0.647949 0.787701 0.008789 0.023426
0 0.668945 0.793558 0.009766 0.023426
0 0.661133 0.771596 0.011719 0.020498
0 0.693359 0.777452 0.007812 0.017570
0 0.701172 0.778184 0.007812 0.019034
0 0.722168 0.766471 0.012695 0.019034
0 0.745605 0.756955 0.012695 0.020498
0 0.606934 0.789898 0.012695 0.024890
0 0.583496 0.784041 0.012695 0.021962
0 0.557129 0.789165 0.010742 0.023426
0 0.535645 0.785505 0.010742 0.021962
0 0.575684 0.765007 0.010742 0.021962
0 0.604004 0.768668 0.010742 0.017570
0 0.609375 0.762079 0.009766 0.019034
0 0.644531 0.755490 0.009766 0.017570
0 0.675293 0.752562 0.012695 0.026354
0 0.693359 0.748902 0.009766 0.021962
0 0.632812 0.743045 0.009766 0.019034
0 0.659668 0.733529 0.010742 0.017570
0 0.540527 0.756223 0.010742 0.024890
0 0.558594 0.754026 0.007812 0.014641
0 0.587402 0.743777 0.010742 0.017570
0 0.603516 0.736457 0.007812 0.017570
0 0.622559 0.725476 0.008789 0.016105
0 0.566895 0.728404 0.006836 0.016105
0 0.579590 0.729136 0.006836 0.011713
0 0.529297 0.749634 0.009766 0.017570
0 0.514160 0.765739 0.006836 0.020498
0 0.512695 0.743777 0.009766 0.020498
0 0.487305 0.758419 0.009766 0.017570
0 0.471191 0.751098 0.010742 0.020498
0 0.492676 0.734993 0.008789 0.020498
0 0.454102 0.743777 0.009766 0.020498
0 0.454102 0.724744 0.009766 0.017570
0 0.462402 0.710102 0.008789 0.017570
0 0.498535 0.723280 0.006836 0.014641
0 0.518066 0.725476 0.006836 0.013177
0 0.527344 0.736457 0.007812 0.017570
0 0.546875 0.732064 0.007812 0.017570
0 0.556641 0.725476 0.007812 0.013177
0 0.558105 0.707906 0.006836 0.013177
0 0.560547 0.691069 0.007812 0.014641
0 0.538086 0.704246 0.007812 0.014641
0 0.531250 0.710835 0.007812 0.016105
0 0.518066 0.700586 0.006836 0.013177
0 0.512207 0.698389 0.004883 0.011713
0 0.513184 0.711567 0.006836 0.014641
0 0.487793 0.706442 0.008789 0.016105
0 0.477051 0.705710 0.006836 0.014641
0 0.449707 0.686676 0.008789 0.014641
0 0.433594 0.740117 0.007812 0.016105
0 0.431641 0.717423 0.007812 0.017570
0 0.438477 0.699854 0.007812 0.014641
0 0.425781 0.707906 0.007812 0.013177
0 0.413574 0.713763 0.008789 0.019034
0 0.392090 0.727672 0.008789 0.017570
0 0.380859 0.733529 0.007812 0.014641
0 0.374023 0.720351 0.007812 0.017570
0 0.372070 0.696193 0.005859 0.013177
0 0.421875 0.683016 0.005859 0.010249
0 0.428223 0.682284 0.004883 0.011713
0 0.461914 0.668375 0.005859 0.013177
0 0.469238 0.671303 0.004883 0.010249
0 0.480469 0.658126 0.005859 0.010249
0 0.490234 0.685212 0.005859 0.011713
0 0.360840 0.715227 0.006836 0.016105
0 0.341309 0.713031 0.006836 0.011713
0 0.325684 0.712299 0.008789 0.016105
0 0.318848 0.677160 0.006836 0.013177
0 0.336426 0.688873 0.006836 0.013177
0 0.343262 0.683016 0.006836 0.013177
0 0.308105 0.699122 0.004883 0.010249
0 0.312988 0.691801 0.006836 0.010249
0 0.307617 0.671303 0.005859 0.010249
0 0.291504 0.658126 0.006836 0.010249
0 0.295898 0.646413 0.005859 0.010249
0 0.306152 0.655198 0.004883 0.007321
0 0.302734 0.648609 0.003906 0.008785
0 0.318359 0.649341 0.005859 0.010249
0 0.314453 0.644949 0.003906 0.007321
0 0.318848 0.640556 0.004883 0.007321
0 0.340332 0.656662 0.004883 0.007321
0 0.350586 0.645681 0.005859 0.008785
0 0.361816 0.642753 0.004883 0.008785
0 0.362793 0.652269 0.004883 0.010249
0 0.386230 0.647145 0.004883 0.008785
0 0.367188 0.669107 0.005859 0.011713
0 0.416504 0.649341 0.004883 0.010249
0 0.375488 0.655198 0.006836 0.010249
0 0.278320 0.609810 0.005859 0.007321
0 0.296387 0.615666 0.004883 0.007321
0 0.290039 0.620059 0.005859 0.007321
0 0.320312 0.613470 0.003906 0.005857
0 0.359375 0.631040 0.003906 0.008785
0 0.377441 0.615666 0.004883 0.007321
0 0.368652 0.605417 0.004883 0.007321
0 0.352539 0.607613 0.003906 0.005857
0 0.718750 0.740117 0.009766 0.019034
0 0.729492 0.726940 0.009766 0.016105
0 0.761719 0.742313 0.009766 0.014641
0 0.764648 0.726208 0.009766 0.017570
0 0.771484 0.713031 0.007812 0.014641
0 0.753418 0.715959 0.010742 0.017570
0 0.674316 0.717423 0.010742 0.017570
0 0.647949 0.717423 0.008789 0.017570
0 0.655273 0.718155 0.007812 0.016105
0 0.639648 0.709370 0.007812 0.013177
0 0.642090 0.702050 0.008789 0.016105
0 0.671387 0.694729 0.008789 0.016105
0 0.613770 0.680088 0.008789 0.016105
0 0.622070 0.675695 0.007812 0.010249
0 0.615723 0.661786 0.006836 0.011713
0 0.594238 0.665447 0.006836 0.013177
0 0.588379 0.689605 0.006836 0.011713
0 0.626953 0.658858 0.005859 0.011713
0 0.645996 0.669839 0.006836 0.013177
0 0.786621 0.743777 0.008789 0.020498
0 0.800781 0.749634 0.007812 0.014641
0 0.814941 0.728404 0.008789 0.019034
0 0.835938 0.731332 0.009766 0.016105
0 0.842773 0.729868 0.007812 0.016105
0 0.882324 0.736457 0.010742 0.017570
0 0.876953 0.710835 0.007812 0.016105
0 0.903809 0.680820 0.008789 0.017570
0 0.917969 0.692533 0.007812 0.014641
0 0.889648 0.670571 0.009766 0.014641
0 0.869629 0.697657 0.008789 0.016105
0 0.842285 0.707174 0.008789 0.017570
0 0.829590 0.690337 0.008789 0.013177
0 0.804199 0.713031 0.008789 0.017570
0 0.782227 0.712299 0.011719 0.016105
0 0.782715 0.686676 0.006836 0.011713
0 0.758301 0.689605 0.008789 0.014641
0 0.772949 0.668375 0.006836 0.013177
0 0.779297 0.659590 0.005859 0.013177
0 0.803711 0.667643 0.009766 0.014641
0 0.808105 0.686676 0.006836 0.014641
0 0.863770 0.665447 0.006836 0.013177
0 0.914062 0.644217 0.005859 0.011713
0 0.903320 0.663250 0.007812 0.011713
0 0.927246 0.686676 0.008789 0.011713
0 0.942871 0.636164 0.004883 0.010249
0 0.888672 0.642753 0.007812 0.011713
0 0.808105 0.637628 0.004883 0.010249
0 0.749512 0.662518 0.006836 0.013177
0 0.867188 0.631772 0.005859 0.010249
0 0.854492 0.632504 0.005859 0.011713
0 0.828613 0.613470 0.004883 0.008785
0 0.780273 0.617130 0.005859 0.010249
0 0.777344 0.628843 0.007812 0.007321
0 0.794434 0.620791 0.006836 0.011713
0 0.760254 0.609078 0.004883 0.008785
0 0.752441 0.636896 0.004883 0.008785
0 0.743652 0.648609 0.006836 0.011713
0 0.738281 0.653734 0.005859 0.007321
0 0.734375 0.684480 0.009766 0.019034
0 0.722656 0.685944 0.007812 0.016105
0 0.729004 0.660322 0.004883 0.008785
0 0.728027 0.651537 0.006836 0.011713
0 0.711426 0.658858 0.006836 0.011713
0 0.706055 0.674231 0.005859 0.010249
0 0.691895 0.642753 0.006836 0.008785
0 0.675293 0.644217 0.004883 0.011713
0 0.685059 0.653001 0.006836 0.011713
0 0.764160 0.638360 0.006836 0.005857
0 0.710449 0.640556 0.006836 0.010249
0 0.703125 0.601025 0.003906 0.007321
0 0.688965 0.620059 0.004883 0.007321
0 0.666016 0.648609 0.005859 0.011713
0 0.663086 0.667643 0.007812 0.011713
0 0.637695 0.690337 0.007812 0.013177
0 0.602539 0.633968 0.003906 0.008785
0 0.582520 0.625183 0.004883 0.008785
0 0.540039 0.653001 0.005859 0.008785
0 0.530273 0.663250 0.005859 0.008785
0 0.540527 0.662518 0.004883 0.007321
0 0.600098 0.681552 0.006836 0.010249
0 0.422363 0.648609 0.004883 0.008785
0 0.446289 0.631040 0.005859 0.008785
0 0.466309 0.627379 0.004883 0.007321
0 0.433594 0.638360 0.003906 0.005857
0 0.411621 0.624451 0.004883 0.007321
0 0.416992 0.625183 0.003906 0.005857
0 0.392090 0.632504 0.004883 0.008785
0 0.437500 0.611274 0.003906 0.007321
0 0.510742 0.674963 0.007812 0.014641
0 0.521973 0.673499 0.004883 0.011713
0 0.490723 0.647145 0.004883 0.008785
0 0.496094 0.639824 0.003906 0.008785
0 0.525391 0.625915 0.005859 0.007321
0 0.537109 0.620791 0.003906 0.008785
0 0.541992 0.625915 0.005859 0.007321
0 0.519043 0.639824 0.004883 0.008785
0 0.459961 0.651537 0.005859 0.011713
0 0.639648 0.732064 0.009766 0.014641
0 0.677246 0.689605 0.008789 0.017570
0 0.890137 0.711567 0.012695 0.020498
0 0.954590 0.684480 0.006836 0.013177
0 0.977539 0.676428 0.007812 0.017570
0 0.901367 0.612006 0.003906 0.008785
0 0.896484 0.601025 0.003906 0.007321
0 0.887695 0.589312 0.003906 0.007321
0 0.874512 0.595900 0.004883 0.008785
0 0.874023 0.666179 0.005859 0.011713
0 0.833008 0.666179 0.005859 0.011713
0 0.831543 0.628111 0.004883 0.011713
0 0.818359 0.633236 0.005859 0.010249
0 0.739258 0.622987 0.007812 0.010249
0 0.666992 0.626647 0.005859 0.008785
0 0.672363 0.613470 0.004883 0.008785
0 0.743164 0.687408 0.007812 0.016105
0 0.691406 0.697657 0.009766 0.016105
0 0.506348 0.725476 0.006836 0.016105
0 0.440918 0.648609 0.004883 0.008785
0 0.333008 0.705710 0.005859 0.011713
0 0.109863 0.671303 0.004883 0.010249
0 0.176270 0.730600 0.004883 0.014641
0 0.168945 0.743777 0.005859 0.011713
0 0.004395 0.729868 0.006836 0.013177
0 0.004883 0.782577 0.007812 0.019034
0 0.004883 0.934114 0.009766 0.026354
0 0.302246 0.833821 0.012695 0.021962
0 0.324707 0.866032 0.012695 0.024890
0 0.382812 0.827965 0.009766 0.021962
0 0.006348 0.702050 0.008789 0.016105