0 0.159668 0.811127 0.020508 0.040996
0 0.174805 0.780381 0.011719 0.017570
0 0.117188 0.814056 0.009766 0.017570
0 0.270508 0.700586 0.007812 0.016105
0 0.017090 0.625183 0.006836 0.011713
0 0.247559 0.587848 0.004883 0.007321
0 0.409668 0.533675 0.002930 0.007321
0 0.660645 0.931918 0.016602 0.042460
0 0.581055 0.808931 0.011719 0.027818
0 0.628906 0.608346 0.007812 0.013177
0 0.916016 0.798682 0.013672 0.021962
0 0.862305 0.919473 0.021484 0.040996
0 0.911133 0.886530 0.027344 0.045388
0 0.944824 0.627379 0.008789 0.013177
0 0.808594 0.950220 0.023438 0.049780