0 0.234375 0.436364 0.017578 0.027273
0 0.605469 0.436364 0.015625 0.024242
0 0.869141 0.627273 0.009766 0.018182
0 0.906738 0.598485 0.006836 0.009091
0 0.675781 0.559848 0.009766 0.019697
0 0.603516 0.551515 0.009766 0.015152
0 0.716797 0.668182 0.013672 0.033333
0 0.633789 0.666667 0.017578 0.030303
0 0.487793 0.643939 0.008789 0.015152
0 0.435059 0.631061 0.006836 0.010606
0 0.578613 0.540152 0.004883 0.010606
0 0.249512 0.664394 0.006836 0.013636
0 0.341309 0.647727 0.010742 0.019697
0 0.281738 0.641667 0.010742 0.016667
0 0.162598 0.702273 0.012695 0.022727
0 0.183105 0.568939 0.006836 0.013636
0 0.098633 0.584848 0.007812 0.012121