0 0.145996 0.595703 0.016602 0.019531
0 0.243652 0.585938 0.010742 0.020833
0 0.357910 0.552734 0.008789 0.016927
0 0.383789 0.552083 0.011719 0.018229
0 0.393555 0.509766 0.005859 0.009115
0 0.470703 0.544922 0.009766 0.019531
0 0.518555 0.555339 0.009766 0.016927
0 0.553711 0.572266 0.009766 0.016927
0 0.579102 0.557292 0.007812 0.013021
0 0.622559 0.569010 0.006836 0.023438
0 0.819824 0.553385 0.012695 0.023438
0 0.751465 0.586589 0.008789 0.019531
0 0.743164 0.563151 0.003906 0.014323
0 0.913086 0.542318 0.009766 0.022135
0 0.923828 0.533203 0.011719 0.019531
0 0.995117 0.542969 0.007812 0.020833
0 0.411621 0.561849 0.012695 0.019531