0 0.873047 0.791016 0.015625 0.061198
0 0.796387 0.489583 0.028320 0.072917
0 0.638672 0.479818 0.037109 0.082031
0 0.577148 0.486979 0.048828 0.067708
0 0.360352 0.501302 0.039062 0.075521
0 0.156738 0.532552 0.036133 0.070312
0 0.616211 0.156901 0.046875 0.063802
0 0.083496 0.485677 0.036133 0.078125
0 0.907227 0.378255 0.039062 0.076823
0 0.816406 0.041016 0.044922 0.063802
0 0.493652 0.098958 0.041992 0.062500
0 0.421875 0.058594 0.033203 0.062500
0 0.311035 0.041667 0.040039 0.065104
0 0.802246 0.172526 0.040039 0.061198