0 0.144531 0.926794 0.056641 0.120059
0 0.114258 0.909956 0.033203 0.086384
0 0.109863 0.740117 0.038086 0.062958
0 0.023926 0.788433 0.022461 0.045388
0 0.212402 0.612738 0.022461 0.039531
0 0.200195 0.674963 0.029297 0.040996
0 0.190430 0.765739 0.031250 0.058565
0 0.292969 0.923865 0.060547 0.111274
0 0.443359 0.898243 0.050781 0.095168
0 0.373047 0.755490 0.031250 0.067350
0 0.379883 0.647877 0.025391 0.054173
0 0.435547 0.643485 0.029297 0.054173
0 0.366211 0.594436 0.023438 0.043924
0 0.333496 0.652269 0.024414 0.039531
0 0.284668 0.609810 0.024414 0.045388
0 0.413574 0.600293 0.024414 0.040996
0 0.446289 0.538799 0.025391 0.052709
0 0.162109 0.578331 0.011719 0.026354
0 0.248047 0.785505 0.042969 0.065886
0 0.391113 0.866764 0.040039 0.055637
0 0.168945 0.594436 0.017578 0.023426
0 0.317383 0.567350 0.015625 0.024890
0 0.349609 0.465593 0.011719 0.020498
0 0.356934 0.489751 0.012695 0.021962
0 0.580078 0.820644 0.052734 0.112738
0 0.526367 0.740117 0.035156 0.074671
0 0.558594 0.667643 0.037109 0.073206
0 0.508789 0.592972 0.027344 0.049780
0 0.536133 0.584187 0.023438 0.040996
0 0.632324 0.751830 0.040039 0.065886
0 0.582031 0.610542 0.033203 0.046852
0 0.387695 0.485359 0.013672 0.019034
0 0.527832 0.473646 0.016602 0.027818
0 0.501953 0.485359 0.013672 0.021962
0 0.484863 0.480234 0.014648 0.023426
0 0.462891 0.483895 0.013672 0.021962
0 0.455078 0.500000 0.011719 0.021962
0 0.638672 0.527818 0.019531 0.042460
0 0.638184 0.492679 0.020508 0.036603
0 0.614258 0.451684 0.015625 0.024890
0 0.624512 0.453880 0.012695 0.020498
0 0.562988 0.440703 0.012695 0.017570
0 0.503418 0.408492 0.006836 0.011713
0 0.718750 0.783309 0.060547 0.120059
0 0.763184 0.735725 0.040039 0.086384
0 0.884277 0.836750 0.061523 0.136164
0 0.744141 0.970717 0.087891 0.049780
0 0.778320 0.610542 0.044922 0.070278
0 0.707031 0.539531 0.035156 0.057101
0 0.641602 0.491947 0.017578 0.026354
0 0.717285 0.454612 0.024414 0.030747
0 0.978516 0.745242 0.042969 0.117130
0 0.875488 0.676428 0.065430 0.114202
0 0.989258 0.539531 0.021484 0.074671
0 0.785156 0.461933 0.025391 0.042460
0 0.893066 0.401903 0.018555 0.039531
0 0.932129 0.339678 0.024414 0.029283
0 0.865723 0.344070 0.016602 0.026354
0 0.874512 0.315520 0.010742 0.016105
0 0.695801 0.418009 0.012695 0.019034
0 0.689941 0.396047 0.012695 0.019034
0 0.669434 0.407028 0.010742 0.014641
0 0.671387 0.428990 0.010742 0.020498
0 0.679688 0.341142 0.005859 0.008785
0 0.655273 0.346266 0.005859 0.010249
0 0.650391 0.347731 0.005859 0.007321
0 0.650391 0.334553 0.005859 0.010249
0 0.669922 0.334553 0.005859 0.010249
0 0.630371 0.349927 0.004883 0.008785
0 0.629883 0.338214 0.005859 0.008785
0 0.643066 0.386530 0.008789 0.014641
0 0.609375 0.394583 0.009766 0.016105
0 0.562500 0.374817 0.007812 0.011713
0 0.717285 0.360908 0.008789 0.019034
0 0.767578 0.374085 0.011719 0.021962
0 0.773438 0.352123 0.007812 0.019034
0 0.782227 0.333089 0.007812 0.010249
0 0.729492 0.511713 0.029297 0.036603
0 0.471191 0.702782 0.032227 0.058565
0 0.634277 0.663982 0.032227 0.051245
0 0.349609 0.587848 0.019531 0.036603
0 0.342285 0.544656 0.012695 0.023426
0 0.335938 0.528551 0.009766 0.014641
0 0.348145 0.519034 0.006836 0.016105
0 0.386230 0.550512 0.014648 0.026354
0 0.409668 0.565886 0.012695 0.024890
0 0.820801 0.363836 0.010742 0.019034
0 0.820312 0.341142 0.013672 0.020498
0 0.916016 0.431186 0.013672 0.021962
0 0.037109 0.572474 0.009766 0.017570