0 0.229492 0.643845 0.017578 0.031812
0 0.261230 0.640387 0.018555 0.033195
0 0.296387 0.622407 0.016602 0.030429
0 0.320801 0.607192 0.014648 0.027663
0 0.338867 0.576072 0.013672 0.026279
0 0.395996 0.586445 0.016602 0.027663
0 0.452148 0.596819 0.015625 0.029046
0 0.463379 0.577455 0.014648 0.029046
0 0.498535 0.571923 0.018555 0.034578
0 0.530273 0.591286 0.015625 0.029046
0 0.558105 0.565698 0.012695 0.024896
0 0.579102 0.591286 0.015625 0.026279
0 0.621582 0.574689 0.014648 0.031812
0 0.608398 0.616183 0.017578 0.031812
0 0.655762 0.627248 0.016602 0.037344
0 0.681641 0.591978 0.015625 0.027663
0 0.741211 0.573997 0.013672 0.022130
0 0.722168 0.609959 0.016602 0.027663
0 0.676758 0.641079 0.017578 0.031812
0 0.749023 0.608575 0.015625 0.027663
0 0.783691 0.612725 0.018555 0.033195
0 0.809082 0.589903 0.014648 0.026279
0 0.845703 0.585062 0.015625 0.030429
0 0.843750 0.623790 0.017578 0.033195
0 0.917480 0.602351 0.014648 0.026279
0 0.979492 0.531120 0.015625 0.030429
0 0.028320 0.629322 0.017578 0.030429
0 0.077637 0.611342 0.018555 0.030429
0 0.111328 0.652144 0.017578 0.031812
0 0.141602 0.592669 0.013672 0.029046
0 0.148438 0.630705 0.015625 0.030429
0 0.171387 0.630014 0.016602 0.029046
0 0.197754 0.607192 0.016602 0.033195
0 0.240723 0.605809 0.014648 0.030429
0 0.263672 0.585062 0.013672 0.024896