0 0.421387 0.694010 0.036133 0.062500
0 0.578125 0.762370 0.033203 0.066406
0 0.719727 0.705078 0.011719 0.035156
0 0.917969 0.733073 0.019531 0.033854
0 0.760254 0.541667 0.008789 0.018229
0 0.511719 0.550781 0.013672 0.026042
0 0.477539 0.490885 0.011719 0.018229
0 0.527832 0.485677 0.006836 0.013021
0 0.476074 0.418620 0.004883 0.009115
0 0.519531 0.399089 0.003906 0.006510
0 0.538574 0.397786 0.002930 0.003906
0 0.688965 0.468750 0.006836 0.013021
0 0.222656 0.449870 0.005859 0.011719
0 0.244629 0.485026 0.006836 0.011719
0 0.263672 0.464193 0.005859 0.011719
0 0.638672 0.225911 0.003906 0.006510
0 0.912109 0.392578 0.005859 0.009115
0 0.357910 0.388021 0.002930 0.002604
0 0.378906 0.388021 0.005859 0.005208
0 0.585449 0.225911 0.004883 0.006510
0 0.185059 0.417318 0.004883 0.009115
0 0.514648 0.669271 0.017578 0.031250
0 0.862305 0.605469 0.015625 0.033854
0 0.952148 0.623698 0.013672 0.031250
0 0.616211 0.445964 0.007812 0.014323
0 0.444336 0.397786 0.003906 0.006510