0 0.584473 0.288937 0.077148 0.149927
0 0.387207 0.136827 0.028320 0.052402
0 0.713867 0.191412 0.044922 0.094614
0 0.814453 0.176128 0.027344 0.046579
0 0.909668 0.227074 0.032227 0.064047
0 0.330078 0.145560 0.023438 0.046579
0 0.286621 0.128093 0.018555 0.037846
0 0.313965 0.116448 0.016602 0.032023
0 0.043457 0.092431 0.010742 0.021834
0 0.101562 0.101164 0.015625 0.033479
0 0.169922 0.112082 0.011719 0.026201
0 0.194336 0.116448 0.011719 0.026201
0 0.254395 0.115721 0.008789 0.024745
0 0.567871 0.152838 0.010742 0.020378
0 0.623047 0.165211 0.031250 0.056769
0 0.973145 0.163755 0.028320 0.050946
0 0.890137 0.165211 0.010742 0.018923
0 0.838867 0.157933 0.009766 0.018923
0 0.916992 0.106987 0.007812 0.016012
0 0.862305 0.127365 0.005859 0.013100
0 0.713867 0.115721 0.023438 0.042213
0 0.223145 0.130277 0.008789 0.018923
0 0.947266 0.153566 0.021484 0.045124
0 0.368164 0.132460 0.009766 0.020378
0 0.072754 0.095342 0.006836 0.016012