0 0.022949 0.199089 0.018555 0.020695
0 0.065430 0.176738 0.019531 0.019040
0 0.126465 0.088576 0.016602 0.016556
0 0.192871 0.178808 0.018555 0.019868
0 0.288086 0.086093 0.013672 0.014901
0 0.271484 0.194536 0.017578 0.018212
0 0.310059 0.180877 0.018555 0.019040
0 0.519043 0.081954 0.014648 0.016556
0 0.493652 0.177566 0.016602 0.017384
0 0.569336 0.201987 0.015625 0.014901
0 0.540527 0.277732 0.022461 0.024007
0 0.753418 0.007036 0.014648 0.014073
0 0.734863 0.081540 0.014648 0.017384
0 0.907715 0.084023 0.014648 0.015728
0 0.742676 0.170530 0.018555 0.018212
0 0.849609 0.171358 0.017578 0.018212
0 0.702148 0.264073 0.019531 0.021523
0 0.808594 0.210265 0.015625 0.016556
0 0.956055 0.283940 0.019531 0.019868
0 0.838379 0.264073 0.018555 0.018212
0 0.087402 0.912252 0.028320 0.028146
0 0.226074 0.912252 0.028320 0.028146
0 0.369141 0.911424 0.027344 0.031457
0 0.533203 0.911424 0.027344 0.028146
0 0.675293 0.904387 0.026367 0.032285
0 0.847168 0.907699 0.026367 0.025662
0 0.991699 0.908113 0.016602 0.031457
0 0.295410 0.001656 0.014648 0.003311