0 0.241211 0.484402 0.023438 0.057192
0 0.183105 0.507799 0.012695 0.031196
0 0.139648 0.469671 0.009766 0.027730
0 0.121094 0.495667 0.013672 0.034662
0 0.087402 0.483536 0.010742 0.027730
0 0.405762 0.514731 0.022461 0.051993
0 0.508789 0.536395 0.021484 0.050260
0 0.589355 0.503466 0.028320 0.067591
0 0.670898 0.469671 0.011719 0.031196
0 0.936035 0.455806 0.022461 0.048527
0 0.968262 0.476603 0.012695 0.034662
0 0.854980 0.481802 0.014648 0.034662
0 0.778320 0.479203 0.011719 0.029463
0 0.741211 0.474870 0.011719 0.027730
0 0.109375 0.473137 0.011719 0.027730
0 0.913086 0.477470 0.011719 0.029463