0 0.589844 0.300403 0.048828 0.103495
0 0.668945 0.351478 0.019531 0.030914
0 0.047852 0.141801 0.019531 0.033602
0 0.024902 0.196909 0.014648 0.030914
0 0.046387 0.296371 0.018555 0.030914
0 0.061523 0.315188 0.021484 0.033602
0 0.095703 0.265457 0.019531 0.030914
0 0.070312 0.245968 0.019531 0.026882
0 0.081543 0.200269 0.018555 0.029570
0 0.131836 0.146505 0.015625 0.026882
0 0.148926 0.167339 0.016602 0.028226
0 0.173340 0.230511 0.016602 0.022849
0 0.290527 0.259409 0.018555 0.029570
0 0.317383 0.415995 0.019531 0.033602
0 0.298340 0.419355 0.014648 0.034946
0 0.373047 0.404570 0.021484 0.034946
0 0.520996 0.325269 0.016602 0.034946
0 0.941406 0.380376 0.017578 0.024194
0 0.947266 0.284274 0.017578 0.030914
0 0.986816 0.251344 0.014648 0.026882
0 0.811035 0.220430 0.018555 0.026882
0 0.790527 0.277554 0.018555 0.028226
0 0.762207 0.350134 0.016602 0.028226
0 0.740234 0.338710 0.011719 0.024194
0 0.744629 0.286290 0.014648 0.024194
0 0.760742 0.229839 0.013672 0.024194
0 0.643066 0.061156 0.014648 0.028226
0 0.730957 0.049731 0.016602 0.024194
0 0.755859 0.053091 0.011719 0.030914
0 0.025391 0.153226 0.013672 0.026882
0 0.175781 0.273522 0.017578 0.025538
0 0.248047 0.265457 0.029297 0.084677
0 0.714844 0.012097 0.015625 0.021505
0 0.827637 0.010081 0.014648 0.020161
0 0.825195 0.034946 0.013672 0.021505
0 0.956055 0.411290 0.017578 0.024194