0 0.399414 0.277941 0.083984 0.155882
0 0.173828 0.263235 0.082031 0.155882
0 0.659668 0.074265 0.081055 0.142647
0 0.952148 0.083088 0.050781 0.104412
0 0.498047 0.148529 0.015625 0.032353
0 0.346680 0.129412 0.011719 0.026471
0 0.278809 0.154412 0.014648 0.026471
0 0.226562 0.170588 0.013672 0.026471
0 0.325684 0.165441 0.010742 0.022059
0 0.295898 0.044118 0.017578 0.029412
0 0.385254 0.039706 0.014648 0.032353
0 0.029297 0.061765 0.009766 0.020588
0 0.099609 0.181618 0.017578 0.033824
0 0.446777 0.105882 0.012695 0.023529
0 0.412109 0.115441 0.015625 0.025000
0 0.301758 0.163971 0.013672 0.025000
0 0.008301 0.196324 0.010742 0.027941