0 0.375000 0.430556 0.027344 0.057018
0 0.315918 0.388889 0.022461 0.046784
0 0.278809 0.338450 0.022461 0.042398
0 0.361816 0.233918 0.022461 0.046784
0 0.402344 0.320175 0.027344 0.046784
0 0.449219 0.390351 0.025391 0.046784
0 0.450684 0.264620 0.022461 0.046784
0 0.542480 0.276316 0.020508 0.046784
0 0.559570 0.392544 0.027344 0.051170
0 0.631348 0.421053 0.026367 0.052632
0 0.616699 0.315058 0.024414 0.045322
0 0.643066 0.244152 0.020508 0.038012
0 0.688965 0.378655 0.026367 0.052632
0 0.716309 0.319444 0.020508 0.045322