0 0.083984 0.557943 0.019531 0.029948
0 0.105957 0.700521 0.022461 0.033854
0 0.227539 0.518880 0.017578 0.027344
0 0.220215 0.648438 0.018555 0.028646
0 0.341309 0.492188 0.014648 0.026042
0 0.276367 0.785807 0.023438 0.037760
0 0.200684 0.769531 0.018555 0.026042
0 0.461914 0.686849 0.021484 0.035156
0 0.438477 0.659505 0.017578 0.029948
0 0.469238 0.569661 0.014648 0.019531
0 0.535156 0.375651 0.017578 0.027344
0 0.602051 0.354167 0.016602 0.028646
0 0.686035 0.535807 0.016602 0.029948
0 0.666016 0.660156 0.019531 0.031250
0 0.596680 0.747396 0.015625 0.023438
0 0.734375 0.453776 0.017578 0.035156
0 0.874023 0.539714 0.019531 0.027344
0 0.839355 0.671224 0.020508 0.035156