0 0.790039 0.323604 0.011719 0.048223
0 0.848633 0.227157 0.011719 0.038071
0 0.936523 0.251269 0.007812 0.020305
0 0.692383 0.265228 0.005859 0.027919
0 0.663574 0.261421 0.006836 0.020305
0 0.657715 0.304569 0.006836 0.025381
0 0.616699 0.342640 0.006836 0.030457
0 0.704102 0.302030 0.005859 0.030457
0 0.495605 0.300761 0.008789 0.027919
0 0.533691 0.284264 0.004883 0.035533
0 0.552734 0.230964 0.005859 0.020305
0 0.581055 0.269036 0.005859 0.025381
0 0.469238 0.312183 0.010742 0.030457
0 0.456543 0.246193 0.008789 0.025381
0 0.421387 0.279188 0.008789 0.040609
0 0.354980 0.257614 0.008789 0.027919
0 0.385254 0.246193 0.008789 0.030457
0 0.255859 0.250000 0.011719 0.038071
0 0.305664 0.269036 0.007812 0.020305
0 0.295898 0.304569 0.007812 0.030457
0 0.199219 0.285533 0.005859 0.027919
0 0.169434 0.246193 0.012695 0.040609
0 0.177246 0.267766 0.008789 0.032995
0 0.024414 0.321066 0.019531 0.053299
0 0.564453 0.275381 0.007812 0.017766
0 0.362793 0.270305 0.006836 0.012690