0 0.946289 0.264323 0.019531 0.031250
0 0.928711 0.237630 0.015625 0.024740
0 0.854004 0.235026 0.016602 0.024740
0 0.895508 0.259115 0.017578 0.028646
0 0.843750 0.261068 0.019531 0.032552
0 0.784180 0.248698 0.019531 0.031250
0 0.797852 0.248047 0.011719 0.027344
0 0.743164 0.248698 0.017578 0.023438
0 0.766602 0.251953 0.013672 0.022135
0 0.620117 0.240885 0.011719 0.028646
0 0.607910 0.249349 0.018555 0.029948
0 0.558594 0.251953 0.019531 0.032552
0 0.500000 0.322266 0.035156 0.053385
0 0.499512 0.253906 0.018555 0.028646
0 0.476074 0.225260 0.016602 0.031250
0 0.513184 0.218750 0.016602 0.026042
0 0.545410 0.244141 0.016602 0.040365
0 0.455078 0.248047 0.019531 0.032552
0 0.384766 0.248047 0.017578 0.035156
0 0.388672 0.180339 0.017578 0.032552
0 0.317871 0.248698 0.020508 0.028646
0 0.295898 0.238932 0.017578 0.032552
0 0.260254 0.205078 0.016602 0.029948
0 0.221680 0.244792 0.017578 0.028646
0 0.174316 0.236328 0.022461 0.035156
0 0.186035 0.206380 0.018555 0.029948
0 0.090332 0.236328 0.018555 0.032552
0 0.101562 0.200521 0.017578 0.031250
0 0.041016 0.205078 0.019531 0.035156