0 0.959473 0.285807 0.022461 0.035156
0 0.878906 0.294271 0.021484 0.033854
0 0.827148 0.296875 0.021484 0.033854
0 0.844727 0.242188 0.021484 0.028646
0 0.813477 0.253255 0.013672 0.016927
0 0.762695 0.289714 0.027344 0.040365
0 0.711914 0.287109 0.025391 0.032552
0 0.747559 0.292969 0.008789 0.013021
0 0.786621 0.244141 0.020508 0.029948
0 0.661621 0.297526 0.022461 0.032552
0 0.660645 0.257161 0.022461 0.035156
0 0.588379 0.248698 0.022461 0.028646
0 0.551758 0.268229 0.023438 0.033854
0 0.587891 0.322266 0.044922 0.055990
0 0.458496 0.297526 0.020508 0.029948
0 0.500977 0.250651 0.019531 0.029948
0 0.463867 0.250000 0.021484 0.031250
0 0.419434 0.252604 0.022461 0.036458
0 0.385742 0.290365 0.023438 0.041667
0 0.361816 0.252604 0.020508 0.036458
0 0.326172 0.272786 0.025391 0.055990
0 0.307129 0.239583 0.020508 0.036458
0 0.185547 0.238932 0.023438 0.035156
0 0.045898 0.236979 0.029297 0.046875
0 0.225098 0.248047 0.018555 0.024740