0 0.263184 0.544715 0.020508 0.039024
0 0.251953 0.464228 0.023438 0.040650
0 0.199707 0.498374 0.022461 0.043902
0 0.118164 0.500000 0.025391 0.040650
0 0.169434 0.384553 0.014648 0.027642
0 0.202637 0.373171 0.016602 0.030894
0 0.228027 0.450407 0.014648 0.035772
0 0.112793 0.457724 0.022461 0.034146
0 0.078125 0.491057 0.017578 0.039024
0 0.058594 0.484553 0.017578 0.032520
0 0.047363 0.411382 0.014648 0.026016
0 0.029297 0.416260 0.013672 0.029268
0 0.136719 0.641463 0.025391 0.040650
0 0.374512 0.529268 0.022461 0.050407
0 0.397949 0.547967 0.020508 0.039024
0 0.388184 0.473984 0.020508 0.043902
0 0.440430 0.536585 0.025391 0.052033
0 0.481445 0.452033 0.021484 0.042276
0 0.514648 0.481301 0.023438 0.039024
0 0.517578 0.569919 0.025391 0.050407
0 0.575684 0.510569 0.024414 0.048780
0 0.618652 0.543089 0.020508 0.045528
0 0.635742 0.536585 0.021484 0.039024
0 0.606445 0.477236 0.021484 0.037398
0 0.663086 0.461789 0.019531 0.039024
0 0.557617 0.486992 0.017578 0.037398
0 0.899414 0.597561 0.029297 0.050407
0 0.870605 0.558537 0.024414 0.050407
0 0.840332 0.515447 0.024414 0.042276
0 0.797852 0.444715 0.021484 0.040650
0 0.760254 0.454472 0.022461 0.034146
0 0.772461 0.508130 0.023438 0.043902
0 0.687988 0.480488 0.024414 0.043902
0 0.722168 0.525203 0.026367 0.045528
0 0.734863 0.455285 0.024414 0.035772
0 0.824707 0.486179 0.016602 0.042276
0 0.708496 0.585366 0.026367 0.048780
0 0.360352 0.482114 0.013672 0.030894
0 0.467773 0.503252 0.015625 0.030894