0 0.256836 0.417277 0.009766 0.017570
0 0.347168 0.408492 0.008789 0.020498
0 0.430664 0.403367 0.007812 0.019034
0 0.401367 0.399707 0.007812 0.014641
0 0.462402 0.409224 0.010742 0.016105
0 0.482422 0.438507 0.009766 0.016105
0 0.517090 0.441435 0.008789 0.019034
0 0.309082 0.426061 0.008789 0.014641
0 0.600098 0.437042 0.008789 0.019034
0 0.628418 0.436310 0.008789 0.020498
0 0.722168 0.467057 0.016602 0.035139
0 0.669434 0.459004 0.016602 0.039531
0 0.706543 0.423133 0.006836 0.020498
0 0.834473 0.450952 0.012695 0.029283
0 0.868652 0.467057 0.016602 0.035139
0 0.807129 0.456076 0.016602 0.027818
0 0.912598 0.456076 0.014648 0.030747
0 0.943359 0.459004 0.009766 0.024890
0 0.982910 0.458272 0.014648 0.020498
0 0.692871 0.408492 0.012695 0.017570
0 0.756836 0.446559 0.011719 0.023426
0 0.878906 0.437042 0.013672 0.024890