0 0.242676 0.199219 0.036133 0.049479
0 0.337891 0.212240 0.031250 0.049479
0 0.359375 0.268880 0.035156 0.053385
0 0.331055 0.320964 0.037109 0.053385
0 0.263672 0.277344 0.035156 0.049479
0 0.624023 0.236328 0.031250 0.048177
0 0.405273 0.199219 0.031250 0.044271
0 0.804688 0.289714 0.044922 0.076823
0 0.680176 0.292318 0.043945 0.069010
0 0.583008 0.298828 0.037109 0.053385
0 0.462891 0.262370 0.044922 0.071615
0 0.596191 0.179036 0.030273 0.045573
0 0.661621 0.178385 0.030273 0.041667
0 0.702148 0.205729 0.033203 0.049479
0 0.722168 0.147786 0.028320 0.042969
0 0.693359 0.119792 0.027344 0.041667
0 0.639648 0.136719 0.031250 0.049479
0 0.588379 0.093750 0.028320 0.044271
0 0.552246 0.117839 0.030273 0.042969
0 0.530273 0.171875 0.035156 0.054688
0 0.500000 0.115885 0.027344 0.052083
0 0.439453 0.089193 0.029297 0.037760
0 0.391113 0.087891 0.030273 0.045573
0 0.342285 0.107422 0.030273 0.045573
0 0.299316 0.139323 0.034180 0.046875