0 0.108887 0.298825 0.028320 0.063142
0 0.162598 0.243025 0.034180 0.060206
0 0.170898 0.188693 0.031250 0.057269
0 0.226562 0.238620 0.031250 0.063142
0 0.224609 0.166667 0.029297 0.051395
0 0.260254 0.160059 0.030273 0.052863
0 0.291016 0.193833 0.033203 0.061674
0 0.327148 0.176946 0.029297 0.060206
0 0.345215 0.255507 0.032227 0.061674
0 0.291016 0.285609 0.033203 0.054332
0 0.365234 0.212188 0.029297 0.051395
0 0.398438 0.248164 0.031250 0.064611
0 0.390137 0.154919 0.028320 0.054332
0 0.443359 0.172540 0.033203 0.066079
0 0.461914 0.115272 0.033203 0.060206
0 0.489258 0.204112 0.033203 0.064611
0 0.512207 0.146843 0.030273 0.055800
0 0.535156 0.174743 0.031250 0.058737
0 0.565918 0.232012 0.030273 0.061674
0 0.571777 0.163730 0.032227 0.054332
0 0.620605 0.182819 0.030273 0.060206
0 0.632324 0.257709 0.034180 0.063142
0 0.635742 0.143906 0.027344 0.049927
0 0.681152 0.127753 0.028320 0.049927
0 0.661133 0.176211 0.029297 0.055800
0 0.687500 0.232746 0.035156 0.069016
0 0.698730 0.157122 0.030273 0.058737
0 0.742188 0.162261 0.035156 0.060206
0 0.775391 0.141703 0.027344 0.051395
0 0.789062 0.175477 0.037109 0.066079
0 0.824707 0.143906 0.034180 0.064611
0 0.854492 0.187225 0.035156 0.071953
0 0.922363 0.292217 0.016602 0.044053
0 0.994141 0.287078 0.011719 0.030837