0 0.613770 0.160628 0.016602 0.045894
0 0.635254 0.205314 0.018555 0.048309
0 0.660156 0.141304 0.013672 0.045894
0 0.674316 0.132850 0.018555 0.048309
0 0.751465 0.118357 0.016602 0.053140
0 0.746094 0.175121 0.019531 0.050725
0 0.791992 0.134058 0.019531 0.041063
0 0.785645 0.324879 0.020508 0.050725
0 0.822754 0.329710 0.020508 0.050725
0 0.885742 0.403382 0.017578 0.043478
0 0.946289 0.435990 0.019531 0.050725
0 0.560059 0.589372 0.016602 0.043478
0 0.559082 0.522947 0.014648 0.036232
0 0.109863 0.184783 0.014648 0.036232
0 0.081543 0.153382 0.012695 0.036232
0 0.155762 0.167874 0.014648 0.036232
0 0.187988 0.165459 0.018555 0.045894
0 0.183105 0.432367 0.016602 0.048309
0 0.266113 0.201691 0.018555 0.041063
0 0.242188 0.378019 0.019531 0.055556
0 0.287109 0.404589 0.015625 0.045894
0 0.371094 0.411836 0.015625 0.050725
0 0.346680 0.606280 0.017578 0.048309
0 0.287109 0.636473 0.017578 0.045894
0 0.343750 0.144928 0.015625 0.043478
0 0.302246 0.138889 0.016602 0.045894
0 0.298340 0.187198 0.014648 0.045894
0 0.393555 0.146135 0.015625 0.041063
0 0.416504 0.362319 0.018555 0.057971
0 0.393555 0.615942 0.015625 0.048309
0 0.468750 0.544686 0.017578 0.045894
0 0.404785 0.165459 0.012695 0.036232
0 0.441406 0.160628 0.015625 0.045894
0 0.469727 0.146135 0.015625 0.050725
0 0.499023 0.188406 0.015625 0.043478
0 0.510254 0.152174 0.014648 0.043478
0 0.561035 0.687198 0.016602 0.050725
0 0.656738 0.644928 0.018555 0.053140
0 0.770996 0.685990 0.022461 0.062802
0 0.674316 0.549517 0.018555 0.041063
0 0.719727 0.567633 0.017578 0.038647
0 0.760742 0.495169 0.019531 0.062802
0 0.536621 0.178744 0.016602 0.043478
0 0.550293 0.115942 0.018555 0.048309
0 0.576172 0.137681 0.015625 0.048309
0 0.598633 0.109903 0.013672 0.045894
0 0.573730 0.223430 0.012695 0.036232