0 0.884277 0.421103 0.028320 0.085551
0 0.770996 0.406844 0.028320 0.079848
0 0.662109 0.411597 0.031250 0.077947
0 0.899902 0.158745 0.030273 0.077947
0 0.793945 0.211977 0.033203 0.074144
0 0.687012 0.188213 0.030273 0.079848
0 0.589355 0.174905 0.030273 0.079848
0 0.508301 0.145437 0.032227 0.077947
0 0.548340 0.404943 0.032227 0.076046
0 0.449219 0.407795 0.035156 0.089354
0 0.403809 0.166350 0.030273 0.081749
0 0.353027 0.388783 0.032227 0.081749
0 0.315430 0.180608 0.029297 0.079848
0 0.251953 0.421103 0.031250 0.085551
0 0.250488 0.136882 0.032227 0.076046
0 0.148438 0.384981 0.031250 0.085551
0 0.200684 0.173004 0.030273 0.083650
0 0.097168 0.136882 0.036133 0.079848