0 0.876465 0.880952 0.059570 0.022711
0 0.684082 0.626740 0.040039 0.046154
0 0.131836 0.086447 0.085938 0.083516
0 0.217773 0.209524 0.029297 0.024908
0 0.350586 0.210256 0.037109 0.032234
0 0.350586 0.058608 0.025391 0.026374
0 0.270996 0.265568 0.041992 0.046154
0 0.116699 0.274359 0.038086 0.035897
0 0.377930 0.295604 0.039062 0.035897
0 0.393555 0.404029 0.037109 0.028571
0 0.407715 0.449451 0.038086 0.038828
0 0.369629 0.461172 0.026367 0.035897
0 0.125977 0.339927 0.037109 0.030769
0 0.089355 0.515385 0.020508 0.028571
0 0.705566 0.220147 0.032227 0.032967
0 0.828613 0.203297 0.034180 0.027106
0 0.726562 0.272161 0.039062 0.032967
0 0.616699 0.317582 0.030273 0.025641
0 0.861328 0.273993 0.041016 0.035165
0 0.952637 0.204762 0.036133 0.030037
0 0.929199 0.371062 0.034180 0.032967
0 0.773926 0.381319 0.034180 0.031502
0 0.630859 0.376923 0.035156 0.031502
0 0.534668 0.378388 0.036133 0.028571
0 0.547852 0.275092 0.019531 0.016850
0 0.918945 0.347253 0.019531 0.021978
0 0.982422 0.355311 0.019531 0.026374
0 0.426270 0.198168 0.028320 0.022711
0 0.450195 0.052381 0.029297 0.024176