0 0.020996 0.050065 0.020508 0.035111
0 0.979980 0.610533 0.020508 0.027308
0 0.914062 0.527308 0.019531 0.035111
0 0.768555 0.563069 0.019531 0.031209
0 0.806641 0.539012 0.019531 0.037711
0 0.727051 0.494148 0.026367 0.046814
0 0.732422 0.353706 0.019531 0.031209
0 0.769043 0.403771 0.018555 0.032510
0 0.765137 0.365410 0.012695 0.026008
0 0.780762 0.283485 0.020508 0.036411
0 0.811523 0.265280 0.023438 0.041612
0 0.854980 0.273082 0.024414 0.039012
0 0.900879 0.310143 0.026367 0.045514
0 0.969238 0.263329 0.028320 0.045514
0 0.961426 0.139142 0.020508 0.036411
0 0.842285 0.207412 0.014648 0.022107
0 0.891602 0.095579 0.023438 0.037711
0 0.976562 0.064369 0.019531 0.032510
0 0.958008 0.040312 0.019531 0.033810
0 0.536621 0.197659 0.018555 0.039012
0 0.760254 0.224317 0.016602 0.027308
0 0.736816 0.177503 0.024414 0.029909
0 0.617188 0.094278 0.019531 0.040312
0 0.580566 0.105982 0.016602 0.032510
0 0.582520 0.078674 0.020508 0.035111
0 0.626465 0.046814 0.012695 0.028609
0 0.722656 0.020806 0.023438 0.041612
0 0.700195 0.014304 0.023438 0.028609
0 0.550781 0.054616 0.017578 0.026008