0 0.067871 0.118718 0.034180 0.077990
0 0.144043 0.120451 0.047852 0.095321
0 0.160156 0.151646 0.037109 0.095321
0 0.192871 0.158579 0.026367 0.064125
0 0.229492 0.112652 0.029297 0.076256
0 0.232910 0.169844 0.030273 0.076256
0 0.203125 0.232236 0.041016 0.093588
0 0.270508 0.163778 0.035156 0.074523
0 0.319824 0.100520 0.034180 0.076256
0 0.324219 0.202773 0.031250 0.062392
0 0.377930 0.105719 0.031250 0.079723
0 0.357910 0.345754 0.043945 0.112652
0 0.458984 0.253899 0.035156 0.091854
0 0.499512 0.178510 0.036133 0.079723
0 0.566406 0.161179 0.052734 0.110919
0 0.643066 0.171577 0.038086 0.093588
0 0.673828 0.142981 0.042969 0.109185
0 0.675293 0.243501 0.040039 0.109185
0 0.773926 0.217504 0.043945 0.088388
0 0.760742 0.199307 0.037109 0.079723
0 0.816895 0.212305 0.045898 0.112652
0 0.849121 0.207106 0.024414 0.074523
0 0.923340 0.168977 0.041992 0.091854
0 0.955566 0.168111 0.032227 0.069324