0 0.026367 0.386418 0.009766 0.032452
0 0.071777 0.371995 0.024414 0.032452
0 0.097656 0.387019 0.017578 0.026442
0 0.138184 0.385216 0.026367 0.030048
0 0.188965 0.371394 0.030273 0.043269
0 0.257324 0.365986 0.020508 0.030048
0 0.308105 0.376202 0.022461 0.038462
0 0.265137 0.335337 0.018555 0.026442
0 0.289551 0.343750 0.020508 0.024038
0 0.338379 0.408654 0.030273 0.045673
0 0.354492 0.326322 0.023438 0.034856
0 0.327148 0.338942 0.019531 0.028846
0 0.344727 0.274038 0.021484 0.024038
0 0.455078 0.155048 0.052734 0.091346
0 0.551758 0.259615 0.017578 0.028846
0 0.595703 0.333534 0.023438 0.032452
0 0.660645 0.323317 0.022461 0.036058
0 0.692383 0.323317 0.029297 0.045673
0 0.622070 0.379808 0.037109 0.057692
0 0.701660 0.375601 0.034180 0.049279
0 0.759766 0.384615 0.039062 0.055288
0 0.761230 0.322115 0.032227 0.043269
0 0.788574 0.377404 0.028320 0.052885
0 0.881836 0.362981 0.041016 0.060096
0 0.879395 0.309495 0.036133 0.044471
0 0.717285 0.132812 0.020508 0.030048