0 0.797852 0.455078 0.035156 0.055990
0 0.700195 0.445312 0.021484 0.033854
0 0.617676 0.453125 0.018555 0.031250
0 0.923340 0.459635 0.012695 0.020833
0 0.943359 0.449219 0.011719 0.020833
0 0.963867 0.465495 0.011719 0.022135
0 0.847656 0.472005 0.011719 0.019531
0 0.854492 0.447266 0.013672 0.022135
0 0.992676 0.450521 0.012695 0.018229
0 0.860840 0.382161 0.008789 0.014323
0 0.848145 0.371745 0.008789 0.014323
0 0.867676 0.440755 0.010742 0.019531
0 0.893066 0.361328 0.008789 0.014323
0 0.681152 0.416667 0.008789 0.015625
0 0.641602 0.425781 0.007812 0.015625
0 0.559082 0.447266 0.008789 0.014323
0 0.545898 0.446615 0.005859 0.010417
0 0.466797 0.471354 0.019531 0.026042
0 0.438477 0.447917 0.015625 0.020833
0 0.409180 0.454427 0.019531 0.028646
0 0.310547 0.448568 0.013672 0.022135
0 0.255859 0.455078 0.021484 0.032552
0 0.195801 0.462891 0.020508 0.029948
0 0.164062 0.458333 0.015625 0.023438
0 0.073730 0.486328 0.022461 0.035156
0 0.048340 0.465495 0.004883 0.009115
0 0.056152 0.468750 0.004883 0.007812
0 0.028320 0.478516 0.005859 0.009115
0 0.018555 0.485677 0.005859 0.007812
0 0.500000 0.456380 0.007812 0.014323
0 0.509766 0.443359 0.007812 0.014323