0 0.850098 0.741536 0.010742 0.016927
0 0.679688 0.932943 0.009766 0.016927
0 0.272461 0.972005 0.013672 0.011719
0 0.667969 0.434896 0.009766 0.015625
0 0.582031 0.521484 0.007812 0.014323
0 0.287598 0.273438 0.006836 0.013021
0 0.378906 0.267578 0.009766 0.016927
0 0.194824 0.336589 0.008789 0.014323
0 0.707031 0.305339 0.007812 0.014323
0 0.484375 0.285156 0.009766 0.015625
0 0.764648 0.195312 0.005859 0.013021
0 0.830078 0.269531 0.007812 0.015625
0 0.808594 0.256510 0.007812 0.013021
0 0.797363 0.175130 0.006836 0.011719
0 0.849609 0.202474 0.005859 0.011719
0 0.853027 0.060547 0.006836 0.011719
0 0.876953 0.037109 0.005859 0.011719
0 0.503906 0.040365 0.007812 0.013021
0 0.567383 0.063151 0.005859 0.011719
0 0.581543 0.225260 0.008789 0.013021