0 0.101074 0.592955 0.022461 0.054795
0 0.204102 0.635029 0.023438 0.048924
0 0.255371 0.605675 0.018555 0.045010
0 0.243164 0.588063 0.013672 0.041096
0 0.192383 0.241683 0.013672 0.052838
0 0.355957 0.652642 0.020508 0.045010
0 0.370117 0.634051 0.017578 0.054795
0 0.362793 0.549902 0.018555 0.054795
0 0.350098 0.507828 0.016602 0.045010
0 0.391113 0.500978 0.018555 0.046967
0 0.404297 0.559687 0.019531 0.050881
0 0.435547 0.571429 0.021484 0.046967
0 0.474121 0.500978 0.016602 0.046967
0 0.482910 0.562622 0.018555 0.045010
0 0.502441 0.560665 0.020508 0.041096
0 0.523926 0.566536 0.014648 0.037182
0 0.475586 0.642857 0.017578 0.048924
0 0.559570 0.581213 0.017578 0.050881
0 0.609375 0.426614 0.019531 0.046967
0 0.586914 0.556751 0.015625 0.037182
0 0.603516 0.582192 0.017578 0.041096
0 0.658691 0.527397 0.018555 0.045010
0 0.586426 0.677104 0.016602 0.058708
0 0.725098 0.540117 0.016602 0.035225
0 0.753906 0.564579 0.019531 0.045010
0 0.767578 0.493151 0.017578 0.050881
0 0.840332 0.553816 0.020508 0.039139
0 0.840820 0.502935 0.017578 0.046967
0 0.871094 0.590998 0.017578 0.050881
0 0.909668 0.504892 0.016602 0.046967