0 0.020996 0.270803 0.038086 0.059854
0 0.071777 0.238686 0.067383 0.103650
0 0.161133 0.256204 0.037109 0.065693
0 0.235840 0.262774 0.079102 0.122628
0 0.265625 0.241606 0.037109 0.074453
0 0.257324 0.194891 0.036133 0.077372
0 0.313477 0.260584 0.033203 0.051095
0 0.365723 0.194161 0.043945 0.090511
0 0.421387 0.189781 0.073242 0.119708
0 0.503906 0.171533 0.044922 0.080292
0 0.609863 0.154745 0.075195 0.122628
0 0.682617 0.185401 0.031250 0.052555
0 0.740234 0.137226 0.064453 0.105109
0 0.773926 0.183212 0.026367 0.059854
0 0.886719 0.081022 0.093750 0.162044
0 0.945312 0.105839 0.050781 0.094891