0 0.839355 0.949870 0.006836 0.014323
0 0.333496 0.486979 0.006836 0.015625
0 0.449707 0.419922 0.004883 0.009115
0 0.435059 0.418620 0.004883 0.009115
0 0.517578 0.433594 0.005859 0.010417
0 0.480469 0.434245 0.005859 0.006510
0 0.498535 0.417969 0.006836 0.010417
0 0.549805 0.410807 0.005859 0.011719
0 0.571777 0.414062 0.004883 0.010417
0 0.595215 0.419922 0.004883 0.009115
0 0.612793 0.420573 0.004883 0.010417
0 0.319336 0.257812 0.003906 0.007812
0 0.354492 0.250000 0.005859 0.010417
0 0.458008 0.263672 0.005859 0.009115
0 0.444824 0.259115 0.004883 0.007812
0 0.501953 0.260417 0.007812 0.010417
0 0.486328 0.258464 0.005859 0.009115
0 0.505859 0.240234 0.005859 0.009115
0 0.565918 0.259766 0.006836 0.009115
0 0.767090 0.259115 0.004883 0.007812
0 0.693359 0.485677 0.007812 0.015625
0 0.411621 0.765625 0.008789 0.013021
0 0.142090 0.925781 0.008789 0.010417
0 0.085449 0.932943 0.008789 0.014323
0 0.187500 0.920573 0.005859 0.010417
0 0.190430 0.902995 0.005859 0.014323
0 0.232910 0.864583 0.008789 0.013021
0 0.252930 0.871094 0.007812 0.013021
0 0.287598 0.894531 0.008789 0.015625
0 0.277832 0.841146 0.006836 0.013021
0 0.354004 0.823568 0.006836 0.011719
0 0.350586 0.802083 0.007812 0.007812
0 0.401855 0.802734 0.008789 0.011719
0 0.403809 0.789714 0.006836 0.011719
0 0.468262 0.822266 0.008789 0.014323
0 0.524902 0.792969 0.004883 0.010417
0 0.507324 0.811849 0.006836 0.011719
0 0.540039 0.777344 0.007812 0.010417
0 0.623535 0.797526 0.006836 0.009115
0 0.779785 0.893880 0.008789 0.011719
0 0.709473 0.835938 0.006836 0.010417
0 0.900391 0.951172 0.009766 0.014323
0 0.770996 0.917969 0.006836 0.013021
0 0.671387 0.827474 0.008789 0.011719
0 0.557129 0.787109 0.006836 0.014323
0 0.147949 0.904297 0.006836 0.014323
0 0.270508 0.875651 0.007812 0.011719
0 0.646973 0.490885 0.006836 0.013021
0 0.807617 0.485677 0.005859 0.013021
0 0.834961 0.492188 0.007812 0.013021
0 0.512207 0.408203 0.006836 0.011719
0 0.402832 0.409505 0.006836 0.009115
0 0.413086 0.419271 0.005859 0.007812
0 0.663086 0.341146 0.005859 0.010417
0 0.361328 0.293620 0.007812 0.011719
0 0.721680 0.916016 0.011719 0.014323