0 0.144531 0.408854 0.027344 0.039062
0 0.179688 0.387370 0.033203 0.050781
0 0.256348 0.388672 0.036133 0.053385
0 0.338379 0.429036 0.024414 0.050781
0 0.264648 0.257161 0.021484 0.035156
0 0.334961 0.337891 0.023438 0.040365
0 0.408203 0.317708 0.021484 0.036458
0 0.441406 0.259766 0.021484 0.037760
0 0.471680 0.294271 0.025391 0.041667
0 0.536621 0.315104 0.026367 0.046875
0 0.653809 0.445964 0.022461 0.063802
0 0.627441 0.335286 0.030273 0.055990
0 0.553711 0.270833 0.027344 0.044271
0 0.594727 0.266927 0.017578 0.033854
0 0.935547 0.343099 0.035156 0.058594
0 0.753418 0.293620 0.020508 0.032552
0 0.936035 0.292969 0.020508 0.033854
0 0.348633 0.283203 0.015625 0.032552