0 0.125000 0.090847 0.039062 0.031659
0 0.027832 0.101170 0.026367 0.024776
0 0.269531 0.041294 0.046875 0.038541
0 0.414062 0.122849 0.039062 0.026841
0 0.291992 0.356504 0.031250 0.023400
0 0.193848 0.284240 0.026367 0.022023
0 0.179199 0.384033 0.030273 0.020647
0 0.094727 0.402959 0.013672 0.010323
0 0.102539 0.395045 0.013672 0.015141
0 0.413574 0.314866 0.018555 0.014453
0 0.330566 0.323125 0.010742 0.008947
0 0.267090 0.346869 0.014648 0.012388
0 0.301270 0.336201 0.010742 0.010323
0 0.328613 0.313833 0.008789 0.005506
0 0.394043 0.312801 0.012695 0.010323
0 0.230469 0.100138 0.021484 0.019959
0 0.091309 0.114591 0.014648 0.013076
0 0.351562 0.329663 0.011719 0.011012
0 0.111328 0.379215 0.011719 0.009635
0 0.080566 0.373710 0.008789 0.008259
0 0.433594 0.338266 0.015625 0.015829
0 0.602051 0.884377 0.014648 0.008259