0 0.424316 0.178544 0.090820 0.087187
0 0.553711 0.136846 0.085938 0.087187
0 0.716797 0.193707 0.033203 0.035633
0 0.649902 0.199393 0.028320 0.034875
0 0.832520 0.067854 0.030273 0.034117
0 0.898438 0.068992 0.035156 0.033359
0 0.897461 0.021607 0.037109 0.031084
0 0.985840 0.114481 0.028320 0.036391
0 0.384766 0.076194 0.041016 0.043215
0 0.183105 0.071266 0.040039 0.036391
0 0.062988 0.073541 0.041992 0.039424
0 0.064941 0.157316 0.053711 0.058378
0 0.663086 0.131539 0.007812 0.008340
0 0.649902 0.052691 0.016602 0.028052
0 0.692871 0.054587 0.022461 0.027293
0 0.129395 0.123958 0.053711 0.055345
0 0.209473 0.210766 0.061523 0.056103
0 0.251465 0.158453 0.053711 0.051554