0 0.057617 0.578689 0.023438 0.049180
0 0.153809 0.565574 0.022461 0.049180
0 0.097168 0.495902 0.022461 0.050820
0 0.193848 0.494262 0.022461 0.040984
0 0.135742 0.460656 0.019531 0.039344
0 0.109375 0.423770 0.017578 0.034426
0 0.221680 0.422951 0.019531 0.049180
0 0.225586 0.522131 0.019531 0.054098
0 0.260742 0.538525 0.023438 0.060656
0 0.180176 0.366393 0.018555 0.044262
0 0.125488 0.359016 0.016602 0.036066
0 0.253906 0.401639 0.019531 0.042623
0 0.297852 0.420492 0.021484 0.047541
0 0.315430 0.361475 0.017578 0.040984
0 0.240723 0.339344 0.016602 0.039344
0 0.204590 0.332787 0.018555 0.029508
0 0.174316 0.227049 0.014648 0.027869
0 0.233398 0.259016 0.015625 0.032787
0 0.283691 0.278689 0.018555 0.036066
0 0.314941 0.298361 0.020508 0.045902
0 0.218262 0.172951 0.016602 0.034426
0 0.251953 0.209836 0.015625 0.032787
0 0.313965 0.217213 0.016602 0.037705
0 0.343750 0.254918 0.015625 0.027869
0 0.296387 0.186066 0.014648 0.031148
0 0.367188 0.190984 0.015625 0.031148
0 0.333984 0.144262 0.013672 0.029508
0 0.275391 0.145082 0.013672 0.034426
0 0.246094 0.118852 0.013672 0.027869
0 0.265137 0.093443 0.010742 0.026230
0 0.294434 0.117213 0.014648 0.027869
0 0.360352 0.121311 0.011719 0.026230
0 0.393555 0.140984 0.013672 0.032787
0 0.348633 0.092623 0.013672 0.027869
0 0.298340 0.051639 0.012695 0.024590
0 0.378418 0.052459 0.010742 0.022951
0 0.412109 0.082787 0.011719 0.021311
0 0.439453 0.139344 0.013672 0.032787
0 0.453125 0.088525 0.011719 0.029508
0 0.484863 0.038525 0.010742 0.027869
0 0.427734 0.191803 0.013672 0.032787
0 0.408203 0.226230 0.017578 0.036066
0 0.446777 0.229508 0.014648 0.032787
0 0.471191 0.251639 0.016602 0.037705
0 0.484375 0.195902 0.015625 0.031148
0 0.417480 0.299180 0.018555 0.040984
0 0.498047 0.286066 0.017578 0.034426
0 0.545410 0.246721 0.016602 0.037705
0 0.456055 0.348361 0.019531 0.040984
0 0.515137 0.355738 0.018555 0.045902
0 0.537109 0.386885 0.019531 0.045902
0 0.510742 0.420492 0.021484 0.044262
0 0.472656 0.412295 0.021484 0.034426
0 0.409668 0.403279 0.020508 0.042623
0 0.381836 0.372951 0.019531 0.044262
0 0.357422 0.348361 0.017578 0.037705
0 0.363770 0.437705 0.018555 0.039344
0 0.389160 0.470492 0.022461 0.055738
0 0.423828 0.444262 0.021484 0.045902
0 0.452637 0.472131 0.022461 0.049180
0 0.437988 0.442623 0.008789 0.026230
0 0.288574 0.478689 0.020508 0.042623
0 0.328613 0.500000 0.020508 0.042623
0 0.350586 0.563934 0.021484 0.049180
0 0.429199 0.541803 0.024414 0.054098
0 0.511719 0.537705 0.021484 0.049180
0 0.525391 0.472131 0.019531 0.032787
0 0.587891 0.536885 0.021484 0.040984
0 0.578613 0.480328 0.018555 0.039344
0 0.629883 0.510656 0.021484 0.044262
0 0.644043 0.445082 0.020508 0.044262
0 0.693848 0.416393 0.024414 0.039344
0 0.740234 0.468033 0.019531 0.044262
0 0.731934 0.569672 0.022461 0.044262
0 0.666504 0.562295 0.020508 0.045902
0 0.796875 0.610656 0.021484 0.040984
0 0.811035 0.494262 0.020508 0.044262
0 0.725586 0.377869 0.019531 0.040984
0 0.786621 0.440164 0.020508 0.047541
0 0.675293 0.362295 0.016602 0.036066
0 0.646973 0.375410 0.018555 0.042623
0 0.586426 0.389344 0.022461 0.044262
0 0.614258 0.352459 0.021484 0.045902
0 0.761719 0.344262 0.019531 0.042623
0 0.814453 0.387705 0.019531 0.040984
0 0.573730 0.311475 0.018555 0.036066
0 0.639648 0.307377 0.017578 0.034426
0 0.700195 0.322131 0.019531 0.040984
0 0.675293 0.267213 0.016602 0.036066
0 0.632324 0.247541 0.016602 0.032787
0 0.596680 0.259836 0.017578 0.037705
0 0.587891 0.204918 0.015625 0.032787
0 0.643066 0.197541 0.016602 0.037705
0 0.707520 0.213934 0.016602 0.037705
0 0.687012 0.179508 0.014648 0.034426
0 0.655273 0.155738 0.013672 0.026230
0 0.618652 0.172951 0.016602 0.031148
0 0.572754 0.135246 0.016602 0.034426
0 0.540039 0.161475 0.015625 0.037705
0 0.515137 0.196721 0.016602 0.032787
0 0.517090 0.136885 0.012695 0.031148
0 0.503906 0.182787 0.005859 0.018033
0 0.649902 0.123770 0.010742 0.014754
0 0.684570 0.131967 0.011719 0.018033
0 0.521484 0.051639 0.011719 0.027869
0 0.526367 0.088525 0.013672 0.029508
0 0.558594 0.051639 0.011719 0.027869
0 0.575195 0.096721 0.013672 0.029508
0 0.588379 0.031967 0.010742 0.018033
0 0.619629 0.090164 0.012695 0.026230
0 0.627441 0.041803 0.012695 0.027869
0 0.661133 0.080328 0.013672 0.026230
0 0.696289 0.075410 0.013672 0.026230
0 0.737793 0.075410 0.012695 0.029508
0 0.772461 0.118852 0.011719 0.027869
0 0.806641 0.151639 0.015625 0.037705
0 0.749512 0.138525 0.016602 0.034426
0 0.763184 0.202459 0.016602 0.037705
0 0.838867 0.131148 0.011719 0.032787
0 0.849121 0.190984 0.016602 0.037705
0 0.897461 0.261475 0.017578 0.037705
0 0.813477 0.252459 0.017578 0.036066
0 0.770508 0.271311 0.017578 0.037705
0 0.745605 0.286066 0.016602 0.040984
0 0.821289 0.310656 0.017578 0.034426
0 0.877930 0.361475 0.019531 0.037705
0 0.888184 0.410656 0.020508 0.037705
0 0.884766 0.486066 0.021484 0.037705
0 0.890625 0.627049 0.027344 0.054098
0 0.841309 0.586885 0.022461 0.042623