0 0.956055 0.554194 0.003906 0.009032
0 0.677246 0.558710 0.004883 0.010323
0 0.801270 0.559355 0.004883 0.009032
0 0.733887 0.560645 0.004883 0.009032
0 0.771973 0.549677 0.004883 0.010323
0 0.401367 0.546452 0.039062 0.120000
0 0.110352 0.558710 0.005859 0.010323
0 0.581055 0.560000 0.003906 0.007742
0 0.714844 0.563871 0.003906 0.007742
0 0.708984 0.561935 0.003906 0.006452
0 0.745117 0.561935 0.003906 0.006452
0 0.869629 0.568387 0.004883 0.006452
0 0.854492 0.565806 0.003906 0.006452
0 0.924316 0.553548 0.004883 0.007742
0 0.149902 0.559355 0.006836 0.009032
0 0.647461 0.562581 0.003906 0.007742
0 0.654785 0.563871 0.002930 0.005161
0 0.661621 0.563871 0.002930 0.005161
0 0.689453 0.563871 0.003906 0.007742
0 0.991211 0.561290 0.005859 0.010323