0 0.097168 0.397351 0.018555 0.045033
0 0.132324 0.344371 0.020508 0.026490
0 0.106934 0.312583 0.018555 0.015894
0 0.032715 0.232450 0.012695 0.019868
0 0.019043 0.237086 0.006836 0.010596
0 0.068359 0.227152 0.015625 0.022517
0 0.106934 0.243046 0.006836 0.011921
0 0.127441 0.229139 0.008789 0.015894
0 0.139648 0.223841 0.011719 0.015894
0 0.203125 0.227815 0.007812 0.013245
0 0.216309 0.230464 0.008789 0.013245
0 0.299316 0.204636 0.016602 0.027815
0 0.300781 0.221192 0.007812 0.010596
0 0.326660 0.200662 0.010742 0.011921
0 0.357910 0.205298 0.008789 0.015894
0 0.373535 0.199338 0.016602 0.025166
0 0.403320 0.195364 0.007812 0.017219
0 0.413086 0.196689 0.009766 0.017219
0 0.442871 0.191391 0.008789 0.014570
0 0.454590 0.182781 0.008789 0.013245
0 0.469238 0.190066 0.006836 0.011921
0 0.489258 0.182781 0.007812 0.010596
0 0.502441 0.180132 0.010742 0.015894
0 0.527832 0.167550 0.008789 0.014570
0 0.481934 0.184106 0.004883 0.010596
0 0.543945 0.170861 0.009766 0.021192
0 0.578613 0.168874 0.006836 0.009272
0 0.641113 0.165563 0.008789 0.013245
0 0.685547 0.150993 0.013672 0.021192
0 0.638184 0.150331 0.006836 0.009272
0 0.715820 0.150331 0.007812 0.011921
0 0.753418 0.143709 0.012695 0.025166
0 0.799316 0.151656 0.012695 0.017219
0 0.834961 0.124503 0.011719 0.018543
0 0.954102 0.111258 0.013672 0.018543
0 0.365234 0.195364 0.009766 0.019868