0 0.118164 0.564741 0.013672 0.033865
0 0.095703 0.591633 0.013672 0.031873
0 0.168945 0.590637 0.009766 0.025896
0 0.095703 0.535857 0.013672 0.035857
0 0.243164 0.547809 0.019531 0.043825
0 0.316406 0.518924 0.015625 0.045817
0 0.288086 0.508964 0.011719 0.029880
0 0.266602 0.502988 0.015625 0.025896
0 0.251953 0.496016 0.009766 0.023904
0 0.187012 0.517928 0.014648 0.039841
0 0.202637 0.509960 0.014648 0.031873
0 0.363770 0.537849 0.014648 0.047809
0 0.396484 0.532869 0.015625 0.033865
0 0.377441 0.536853 0.012695 0.029880
0 0.469727 0.516932 0.015625 0.033865
0 0.417480 0.487052 0.014648 0.033865
0 0.340820 0.490040 0.013672 0.031873
0 0.375488 0.485060 0.012695 0.029880
0 0.392578 0.489044 0.011719 0.037849
0 0.434082 0.482072 0.012695 0.031873
0 0.456055 0.480080 0.011719 0.023904
0 0.352051 0.400398 0.008789 0.019920
0 0.278809 0.460159 0.014648 0.027888
0 0.352539 0.500996 0.009766 0.021912
0 0.328125 0.478088 0.009766 0.019920
0 0.484375 0.487052 0.007812 0.021912
0 0.300293 0.509960 0.010742 0.027888
0 0.534668 0.526892 0.018555 0.045817
0 0.559082 0.520916 0.016602 0.037849
0 0.500977 0.515936 0.013672 0.027888
0 0.520020 0.512948 0.012695 0.029880
0 0.626465 0.515936 0.012695 0.035857
0 0.645020 0.504980 0.012695 0.037849
0 0.643066 0.458167 0.014648 0.027888
0 0.550293 0.485060 0.010742 0.025896
0 0.565918 0.436255 0.014648 0.035857
0 0.525391 0.473108 0.011719 0.025896
0 0.694824 0.551793 0.014648 0.035857
0 0.702637 0.495020 0.014648 0.033865
0 0.765625 0.499004 0.013672 0.033865
0 0.932617 0.512948 0.015625 0.041833
0 0.875488 0.587649 0.012695 0.027888
0 0.850098 0.508964 0.014648 0.037849
0 0.824219 0.523904 0.017578 0.043825
0 0.442383 0.502988 0.015625 0.037849