0 0.146484 0.237275 0.009766 0.034431
0 0.173828 0.357036 0.029297 0.055389
0 0.203613 0.316617 0.020508 0.049401
0 0.250488 0.440868 0.016602 0.037425
0 0.853027 0.223802 0.016602 0.031437
0 0.938477 0.205838 0.013672 0.031437
0 0.607910 0.154192 0.006836 0.011976
0 0.638184 0.141467 0.006836 0.013473
0 0.692383 0.151946 0.007812 0.013473
0 0.705566 0.145210 0.006836 0.011976
0 0.750488 0.130988 0.006836 0.010479
0 0.778320 0.133234 0.007812 0.014970
0 0.811523 0.140719 0.007812 0.011976
0 0.732910 0.147455 0.006836 0.010479
0 0.531250 0.154940 0.007812 0.013473
0 0.469238 0.145958 0.006836 0.016467
0 0.980469 0.131737 0.007812 0.011976
0 0.915039 0.128743 0.007812 0.014970
0 0.958496 0.139970 0.006836 0.010479
0 0.722168 0.146707 0.004883 0.008982
0 0.583984 0.149701 0.005859 0.011976
0 0.596191 0.146707 0.006836 0.014970
0 0.565918 0.145958 0.008789 0.013473
0 0.901367 0.665419 0.056641 0.091317
0 0.784180 0.576347 0.048828 0.089820
0 0.791504 0.453593 0.045898 0.080838
0 0.621582 0.476796 0.032227 0.097305
0 0.495117 0.522455 0.029297 0.080838
0 0.548828 0.473802 0.035156 0.079341
0 0.493652 0.458084 0.038086 0.068862
0 0.395996 0.391467 0.028320 0.067365
0 0.332520 0.444611 0.022461 0.065868
0 0.287598 0.377994 0.026367 0.058383
0 0.364258 0.419162 0.021484 0.062874
0 0.006348 0.314371 0.012695 0.053892
0 0.068848 0.298653 0.018555 0.034431
0 0.133301 0.250000 0.014648 0.035928