0 0.572754 0.341146 0.036133 0.065104
0 0.677734 0.477865 0.041016 0.059896
0 0.547363 0.476562 0.043945 0.062500
0 0.542480 0.212240 0.034180 0.049479
0 0.419434 0.146484 0.034180 0.066406
0 0.363281 0.229818 0.035156 0.058594
0 0.445801 0.277995 0.036133 0.055990
0 0.283691 0.281250 0.034180 0.054688
0 0.317383 0.157552 0.035156 0.052083
0 0.230957 0.194010 0.036133 0.057292
0 0.218262 0.317708 0.043945 0.062500
0 0.177734 0.270833 0.037109 0.059896
0 0.109375 0.318359 0.035156 0.058594
0 0.140625 0.567708 0.039062 0.062500
0 0.299805 0.480469 0.035156 0.062500
0 0.394043 0.477865 0.041992 0.070312
0 0.449707 0.520182 0.038086 0.058594
0 0.879883 0.337240 0.037109 0.057292
0 0.917480 0.493490 0.041992 0.057292
0 0.796387 0.473958 0.040039 0.054688
0 0.777344 0.326823 0.041016 0.062500
0 0.771484 0.140625 0.039062 0.054688
0 0.671387 0.252604 0.036133 0.057292
0 0.631836 0.179036 0.033203 0.048177