0 0.506348 0.758941 0.022461 0.035765
0 0.614746 0.749642 0.022461 0.042918
0 0.446777 0.450644 0.018555 0.025751
0 0.229004 0.506438 0.024414 0.040057
0 0.105957 0.564378 0.026367 0.038627
0 0.058105 0.438484 0.014648 0.027182
0 0.703613 0.333333 0.020508 0.040057
0 0.644043 0.236052 0.018555 0.025751
0 0.773438 0.208155 0.011719 0.024320
0 0.835938 0.201001 0.013672 0.024320
0 0.861328 0.319742 0.009766 0.024320
0 0.402832 0.108727 0.010742 0.020029
0 0.379883 0.170959 0.009766 0.021459
0 0.483398 0.115165 0.011719 0.021459
0 0.441895 0.228183 0.010742 0.021459
0 0.033691 0.308298 0.010742 0.018598
0 0.049805 0.598712 0.021484 0.035765
0 0.042480 0.663090 0.018555 0.032904
0 0.181152 0.423462 0.018555 0.025751
0 0.166504 0.453505 0.006836 0.020029