0 0.838379 0.405564 0.041992 0.079063
0 0.804688 0.309663 0.037109 0.071742
0 0.840332 0.169107 0.036133 0.074671
0 0.745117 0.381406 0.041016 0.089312
0 0.652344 0.308199 0.041016 0.062958
0 0.615234 0.403367 0.042969 0.077599
0 0.566406 0.261347 0.044922 0.077599
0 0.872070 0.137628 0.015625 0.035139
0 0.991211 0.128843 0.017578 0.046852
0 0.733887 0.173499 0.036133 0.068814
0 0.604004 0.091508 0.038086 0.077599
0 0.497070 0.379941 0.039062 0.083455
0 0.455566 0.404100 0.041992 0.076135
0 0.419434 0.297218 0.040039 0.073206
0 0.352539 0.331625 0.044922 0.080527
0 0.320312 0.224012 0.039062 0.070278
0 0.277344 0.384334 0.042969 0.083455
0 0.258789 0.286237 0.041016 0.080527
0 0.380859 0.081991 0.044922 0.090776
0 0.155273 0.260615 0.035156 0.073206
0 0.118652 0.305271 0.041992 0.065886
0 0.074219 0.395315 0.052734 0.099561
0 0.104492 0.415813 0.037109 0.087848
0 0.141113 0.360908 0.043945 0.071742
0 0.350586 0.622987 0.042969 0.080527