0 0.838379 0.532389 0.026367 0.064777
0 0.861328 0.386640 0.021484 0.052632
0 0.930176 0.379555 0.020508 0.058704
0 0.799805 0.387652 0.019531 0.058704
0 0.743164 0.372470 0.021484 0.056680
0 0.753906 0.526316 0.027344 0.064777
0 0.681152 0.364372 0.020508 0.056680
0 0.669434 0.538462 0.022461 0.060729
0 0.624023 0.354251 0.021484 0.052632
0 0.589355 0.534413 0.024414 0.060729
0 0.559082 0.362348 0.020508 0.052632
0 0.496582 0.346154 0.020508 0.052632
0 0.500000 0.527328 0.023438 0.066802
0 0.412598 0.557692 0.024414 0.058704
0 0.420410 0.351215 0.024414 0.058704
0 0.358398 0.364372 0.021484 0.056680
0 0.302734 0.373482 0.021484 0.046559
0 0.333008 0.560729 0.021484 0.060729
0 0.242188 0.546559 0.023438 0.072874
0 0.250488 0.378543 0.020508 0.052632
0 0.155273 0.541498 0.025391 0.062753
0 0.181641 0.399798 0.021484 0.054656
0 0.133301 0.404858 0.020508 0.052632
0 0.064941 0.417004 0.020508 0.052632