0 0.108398 0.378655 0.033203 0.061404
0 0.191406 0.274854 0.035156 0.067251
0 0.161133 0.416667 0.035156 0.067251
0 0.308594 0.346491 0.031250 0.061404
0 0.249023 0.523392 0.035156 0.067251
0 0.297852 0.461257 0.031250 0.059942
0 0.396973 0.365497 0.032227 0.058480
0 0.460938 0.494152 0.037109 0.070175
0 0.485840 0.339912 0.030273 0.059942
0 0.518066 0.404240 0.030273 0.059942
0 0.559082 0.312135 0.032227 0.059942
0 0.608398 0.331871 0.031250 0.058480
0 0.596680 0.494883 0.037109 0.071637
0 0.674805 0.313596 0.035156 0.077485
0 0.743164 0.385234 0.035156 0.074561
0 0.768066 0.502924 0.034180 0.064327
0 0.862305 0.404971 0.041016 0.081871
0 0.901855 0.304825 0.036133 0.062865