0 0.917969 0.228682 0.035156 0.081395
0 0.844727 0.211240 0.033203 0.077519
0 0.812012 0.189922 0.030273 0.069767
0 0.760742 0.232558 0.029297 0.069767
0 0.712891 0.191860 0.029297 0.069767
0 0.687500 0.175388 0.025391 0.060078
0 0.658203 0.236434 0.027344 0.054264
0 0.620117 0.217054 0.025391 0.065891
0 0.587402 0.178295 0.026367 0.062016
0 0.556152 0.216085 0.028320 0.060078
0 0.531738 0.174419 0.026367 0.065891
0 0.506348 0.184109 0.026367 0.065891
0 0.475586 0.246124 0.025391 0.062016
0 0.440918 0.218023 0.026367 0.063953
0 0.404785 0.249031 0.024414 0.060078
0 0.379395 0.220930 0.026367 0.065891
0 0.333984 0.196705 0.027344 0.067829
0 0.294922 0.220930 0.027344 0.069767
0 0.248047 0.171512 0.029297 0.067829
0 0.228027 0.230620 0.032227 0.073643
0 0.144531 0.217054 0.031250 0.077519
0 0.073730 0.156008 0.034180 0.079457