0 0.787598 0.332373 0.030273 0.036503
0 0.722656 0.424111 0.035156 0.072046
0 0.834473 0.302113 0.022461 0.027858
0 0.817871 0.326609 0.024414 0.034582
0 0.858398 0.292027 0.011719 0.015370
0 0.524414 0.223343 0.062500 0.085495
0 0.432617 0.239193 0.039062 0.049952
0 0.491699 0.168588 0.034180 0.054755
0 0.447754 0.278098 0.032227 0.060519
0 0.165039 0.176273 0.076172 0.116234
0 0.345215 0.184438 0.047852 0.051873
0 0.436035 0.150817 0.010742 0.015370
0 0.428711 0.135927 0.009766 0.014409
0 0.435547 0.123919 0.009766 0.011527
0 0.416504 0.114313 0.010742 0.015370
0 0.359863 0.106148 0.010742 0.010567
0 0.921875 0.388569 0.023438 0.029779
0 0.757324 0.313641 0.018555 0.029779
0 0.058105 0.014409 0.016602 0.017291
0 0.372070 0.246878 0.060547 0.073007
0 0.464355 0.126321 0.008789 0.012488
0 0.252441 0.121518 0.012695 0.025937