0 0.075684 0.385393 0.053711 0.069663
0 0.146973 0.393820 0.053711 0.073034
0 0.218750 0.389326 0.056641 0.093258
0 0.308105 0.413483 0.057617 0.092135
0 0.331055 0.395506 0.023438 0.049438
0 0.436035 0.425843 0.026367 0.047191
0 0.489258 0.440449 0.031250 0.047191
0 0.580566 0.421348 0.053711 0.089888
0 0.636230 0.411236 0.026367 0.040449
0 0.592285 0.376404 0.028320 0.044944
0 0.698730 0.396629 0.038086 0.062921
0 0.665527 0.400562 0.030273 0.048315
0 0.747070 0.388764 0.025391 0.040449
0 0.766602 0.428090 0.037109 0.060674
0 0.773438 0.405056 0.027344 0.037079
0 0.858887 0.401685 0.043945 0.064045
0 0.918945 0.406742 0.023438 0.038202
0 0.944824 0.396629 0.034180 0.044944
0 0.956055 0.415169 0.041016 0.059551
0 0.129395 0.060674 0.036133 0.062921
0 0.373535 0.508989 0.004883 0.008989
0 0.387207 0.484831 0.006836 0.010112
0 0.781738 0.590449 0.008789 0.014607
0 0.820312 0.573596 0.011719 0.021348
0 0.382812 0.526404 0.005859 0.007865