0 0.232422 0.068414 0.031250 0.052430
0 0.229004 0.191816 0.022461 0.046036
0 0.360840 0.079923 0.032227 0.054987
0 0.466309 0.094629 0.034180 0.053708
0 0.531250 0.123402 0.025391 0.039642
0 0.561035 0.120844 0.028320 0.049872
0 0.614746 0.108696 0.026367 0.038363
0 0.531738 0.216752 0.032227 0.037084
0 0.413574 0.211637 0.030273 0.057545
0 0.382324 0.234015 0.040039 0.069054
0 0.209961 0.292839 0.035156 0.056266
0 0.245117 0.289642 0.019531 0.044757
0 0.399902 0.326726 0.036133 0.054987
0 0.398438 0.432864 0.041016 0.060102
0 0.637207 0.444373 0.047852 0.054987
0 0.683594 0.384271 0.037109 0.044757
0 0.611816 0.291560 0.038086 0.046036
0 0.660156 0.179668 0.033203 0.057545
0 0.659180 0.127877 0.027344 0.046036
0 0.710938 0.108696 0.023438 0.046036
0 0.764160 0.117647 0.028320 0.046036
0 0.797852 0.125320 0.021484 0.040921
0 0.836426 0.296036 0.036133 0.060102