0 0.017090 0.333333 0.004883 0.007812
0 0.305664 0.302734 0.035156 0.053385
0 0.491699 0.313802 0.040039 0.065104
0 0.533203 0.286458 0.011719 0.018229
0 0.519043 0.294271 0.010742 0.015625
0 0.566895 0.309245 0.014648 0.022135
0 0.647949 0.308594 0.012695 0.018229
0 0.686523 0.268880 0.011719 0.016927
0 0.681152 0.301432 0.010742 0.016927
0 0.661133 0.320964 0.009766 0.019531
0 0.714355 0.321615 0.010742 0.023438
0 0.725098 0.322917 0.014648 0.023438
0 0.750977 0.320312 0.013672 0.023438
0 0.771484 0.325521 0.011719 0.023438
0 0.773926 0.298177 0.010742 0.018229
0 0.828125 0.309896 0.009766 0.020833
0 0.836426 0.304688 0.014648 0.023438
0 0.835938 0.326172 0.015625 0.027344
0 0.882812 0.332682 0.013672 0.024740
0 0.926270 0.332682 0.018555 0.029948
0 0.937988 0.306641 0.018555 0.032552
0 0.927246 0.416667 0.010742 0.018229
0 0.587402 0.313151 0.014648 0.019531
0 0.584961 0.290365 0.011719 0.020833
0 0.628418 0.283854 0.034180 0.062500
0 0.989746 0.296875 0.012695 0.020833