0 0.055664 0.351988 0.025391 0.041237
0 0.134766 0.349043 0.021484 0.041237
0 0.155273 0.508100 0.023438 0.038292
0 0.204590 0.335788 0.020508 0.038292
0 0.248535 0.355670 0.022461 0.036819
0 0.278809 0.355670 0.018555 0.033873
0 0.238770 0.463181 0.024414 0.042710
0 0.311523 0.450663 0.021484 0.041237
0 0.320801 0.339470 0.020508 0.036819
0 0.342773 0.337997 0.019531 0.042710
0 0.363281 0.347570 0.007812 0.011782
0 0.375000 0.326951 0.019531 0.032401
0 0.383789 0.363770 0.019531 0.035346
0 0.382812 0.458763 0.023438 0.042710
0 0.417969 0.413844 0.019531 0.035346
0 0.449219 0.453608 0.021484 0.038292
0 0.430176 0.329161 0.020508 0.030928
0 0.467285 0.318851 0.020508 0.039764
0 0.498047 0.345361 0.021484 0.033873
0 0.549805 0.333579 0.019531 0.036819
0 0.513672 0.462445 0.021484 0.041237
0 0.559082 0.442563 0.022461 0.039764
0 0.593750 0.324006 0.019531 0.035346
0 0.638184 0.386598 0.018555 0.030928
0 0.651855 0.334315 0.020508 0.032401
0 0.721191 0.340943 0.020508 0.030928
0 0.692383 0.429308 0.019531 0.030928
0 0.759766 0.356406 0.023438 0.041237
0 0.815918 0.337997 0.020508 0.036819
0 0.883301 0.328424 0.022461 0.038292
0 0.968262 0.301915 0.026367 0.047128