0 0.757324 0.076133 0.053711 0.049615
0 0.816406 0.111206 0.064453 0.070145
0 0.790527 0.180496 0.067383 0.073567
0 0.562500 0.066724 0.056641 0.059880
0 0.510742 0.133875 0.062500 0.077844
0 0.645020 0.164671 0.065430 0.079555
0 0.789062 0.325492 0.072266 0.088109
0 0.301270 0.123610 0.061523 0.079555
0 0.250488 0.184773 0.069336 0.075278
0 0.222656 0.334046 0.070312 0.081266
0 0.214844 0.453379 0.083984 0.099230
0 0.168457 0.542344 0.088867 0.075278
0 0.498047 0.411891 0.072266 0.081266
0 0.429688 0.754063 0.101562 0.106929
0 0.726562 0.441831 0.080078 0.074423
0 0.741211 0.540633 0.085938 0.092387