0 0.987793 0.214834 0.024414 0.046036
0 0.966797 0.057545 0.044922 0.066496
0 0.902344 0.071611 0.041016 0.061381
0 0.914062 0.193734 0.058594 0.103581
0 0.962891 0.181586 0.027344 0.048593
0 0.818848 0.068414 0.030273 0.057545
0 0.843262 0.168159 0.053711 0.103581
0 0.769043 0.092711 0.036133 0.065217
0 0.797852 0.205243 0.044922 0.062660
0 0.667480 0.089514 0.061523 0.109974
0 0.573730 0.017903 0.034180 0.035806
0 0.590820 0.080563 0.039062 0.058824
0 0.458984 0.104220 0.052734 0.085678
0 0.520996 0.115729 0.045898 0.088235
0 0.489258 0.018542 0.035156 0.037084
0 0.435547 0.017263 0.031250 0.034527
0 0.459473 0.235934 0.057617 0.075448
0 0.375977 0.015985 0.035156 0.031969
0 0.279785 0.031330 0.043945 0.062660
0 0.313965 0.057545 0.043945 0.053708
0 0.313965 0.141304 0.043945 0.083120
0 0.267578 0.161125 0.052734 0.092072
0 0.187012 0.172634 0.041992 0.063939
0 0.205078 0.019821 0.039062 0.039642
0 0.140625 0.034527 0.031250 0.056266
0 0.115234 0.065857 0.039062 0.054987
0 0.135254 0.144501 0.043945 0.089514
0 0.044922 0.136829 0.054688 0.084399
0 0.652832 0.448210 0.040039 0.067775
0 0.369141 0.445013 0.007812 0.015345