0 0.223633 0.549048 0.005859 0.011713
0 0.262695 0.530747 0.003906 0.010249
0 0.190430 0.509517 0.003906 0.005857
0 0.309570 0.529283 0.003906 0.007321
0 0.351074 0.495608 0.002930 0.007321
0 0.311035 0.491947 0.002930 0.005857
0 0.383789 0.535871 0.005859 0.011713
0 0.404297 0.533675 0.009766 0.021962
0 0.363770 0.532211 0.004883 0.010249
0 0.424316 0.519766 0.004883 0.008785
0 0.434570 0.543192 0.005859 0.011713
0 0.441406 0.500732 0.003906 0.008785
0 0.416992 0.499268 0.003906 0.008785
0 0.616699 0.494876 0.018555 0.035139
0 0.542480 0.532943 0.014648 0.026354
0 0.586914 0.509517 0.005859 0.011713
0 0.548828 0.492679 0.003906 0.007321
0 0.456055 0.507321 0.003906 0.007321
0 0.426270 0.475842 0.004883 0.008785
0 0.455078 0.498536 0.003906 0.007321
0 0.525391 0.514641 0.003906 0.007321
0 0.639160 0.486091 0.002930 0.005857
0 0.653320 0.477306 0.003906 0.005857
0 0.694824 0.516105 0.004883 0.010249
0 0.702148 0.531479 0.005859 0.014641
0 0.760742 0.513177 0.007812 0.016105
0 0.774414 0.527818 0.007812 0.013177
0 0.735352 0.505857 0.013672 0.024890
0 0.883301 0.524890 0.006836 0.013177
0 0.376465 0.516105 0.004883 0.010249