0 0.791016 0.322049 0.089844 0.227431
0 0.252441 0.318576 0.036133 0.081597
0 0.546875 0.103299 0.037109 0.095486
0 0.648926 0.219618 0.024414 0.067708
0 0.708008 0.126736 0.031250 0.072917
0 0.736816 0.107639 0.020508 0.055556
0 0.774902 0.064236 0.026367 0.055556
0 0.854004 0.059896 0.024414 0.053819
0 0.819336 0.097222 0.025391 0.059028
0 0.021484 0.114583 0.042969 0.166667
0 0.194824 0.277778 0.024414 0.041667
0 0.304688 0.326389 0.033203 0.079861
0 0.689941 0.059896 0.018555 0.039931
0 0.456055 0.404514 0.107422 0.194444
0 0.298340 0.231771 0.016602 0.043403
0 0.381836 0.302083 0.029297 0.065972
0 0.090332 0.350694 0.034180 0.086806