0 0.108887 0.156015 0.043945 0.063910
0 0.279297 0.195489 0.042969 0.070175
0 0.063965 0.388471 0.059570 0.080201
0 0.218750 0.410401 0.060547 0.093985
0 0.309570 0.505013 0.039062 0.065163
0 0.379395 0.548246 0.047852 0.086466
0 0.500488 0.535714 0.047852 0.078947
0 0.558105 0.513158 0.043945 0.068922
0 0.855469 0.158521 0.050781 0.056391
0 0.857422 0.455514 0.062500 0.109023
0 0.797363 0.486842 0.036133 0.071429
0 0.743164 0.489348 0.046875 0.086466
0 0.650879 0.465539 0.049805 0.078947
0 0.062500 0.394737 0.056641 0.092732