0 0.060547 0.270864 0.025391 0.054173
0 0.012695 0.399341 0.025391 0.037335
0 0.121582 0.331259 0.012695 0.015373
0 0.261719 0.266471 0.042969 0.042460
0 0.177734 0.271596 0.015625 0.020498
0 0.281738 0.317716 0.032227 0.024890
0 0.348145 0.363470 0.016602 0.021230
0 0.466309 0.283309 0.012695 0.019034
0 0.473633 0.349927 0.011719 0.016105
0 0.566895 0.333455 0.024414 0.022694
0 0.592285 0.289531 0.016602 0.021230
0 0.635254 0.301245 0.010742 0.012445
0 0.770508 0.269400 0.021484 0.023426
0 0.773926 0.287701 0.012695 0.011713
0 0.894043 0.279649 0.014648 0.017570
0 0.911133 0.324671 0.005859 0.010981
0 0.969727 0.283309 0.013672 0.014641
0 0.986328 0.288433 0.009766 0.010249
0 0.482422 0.386530 0.023438 0.020498
0 0.515625 0.362738 0.015625 0.022694
0 0.057129 0.372255 0.018555 0.025622