0 0.101562 0.050512 0.021484 0.051245
0 0.013672 0.107613 0.021484 0.051245
0 0.120605 0.145681 0.016602 0.048316
0 0.159668 0.091508 0.020508 0.036603
0 0.203125 0.095900 0.021484 0.048316
0 0.169434 0.056369 0.022461 0.045388
0 0.172852 0.147145 0.021484 0.045388
0 0.122070 0.339678 0.027344 0.049780
0 0.214355 0.319912 0.024414 0.045388
0 0.252930 0.365300 0.029297 0.060029
0 0.314453 0.278184 0.027344 0.052709
0 0.325684 0.355783 0.024414 0.052709
0 0.233398 0.242313 0.027344 0.057101
0 0.063477 0.514641 0.029297 0.060029
0 0.081055 0.397511 0.025391 0.051245
0 0.148926 0.442167 0.034180 0.058565
0 0.152832 0.537335 0.036133 0.064422
0 0.181641 0.564422 0.025391 0.060029
0 0.326172 0.472182 0.031250 0.060029
0 0.271484 0.552709 0.023438 0.065886
0 0.285156 0.640556 0.029297 0.060029
0 0.371094 0.649341 0.035156 0.065886
0 0.387695 0.397511 0.029297 0.057101
0 0.437500 0.315520 0.025391 0.054173
0 0.479492 0.324305 0.025391 0.051245
0 0.014648 0.806003 0.017578 0.062958
0 0.429199 0.508785 0.028320 0.051245
0 0.429688 0.631040 0.035156 0.055637
0 0.088867 0.857980 0.021484 0.049780
0 0.065430 0.872621 0.027344 0.043924
0 0.594238 0.710102 0.034180 0.070278
0 0.432617 0.568814 0.023438 0.042460
0 0.543945 0.355783 0.027344 0.049780
0 0.573730 0.602489 0.020508 0.057101
0 0.241211 0.887262 0.017578 0.052709
0 0.273438 0.013909 0.023438 0.027818
0 0.374512 0.125915 0.018555 0.032211
0 0.383301 0.095900 0.016602 0.036603
0 0.399902 0.016837 0.020508 0.033675
0 0.458496 0.041728 0.022461 0.048316
0 0.485840 0.054173 0.024414 0.035139
0 0.334961 0.226940 0.019531 0.038067
0 0.382812 0.229136 0.021484 0.045388
0 0.631348 0.059297 0.024414 0.024890
0 0.635254 0.103221 0.018555 0.036603
0 0.705566 0.051977 0.026367 0.039531
0 0.720215 0.153734 0.018555 0.040996
0 0.765625 0.142753 0.025391 0.042460
0 0.823730 0.085652 0.026367 0.045388
0 0.936035 0.098829 0.022461 0.042460
0 0.906738 0.168375 0.022461 0.040996
0 0.786621 0.190337 0.020508 0.035139
0 0.752441 0.196193 0.022461 0.043924
0 0.625488 0.336750 0.028320 0.046852
0 0.891113 0.323572 0.026367 0.052709
0 0.683594 0.355783 0.021484 0.061493
0 0.735840 0.371157 0.024414 0.057101
0 0.855957 0.068082 0.018555 0.039531
0 0.793457 0.300878 0.010742 0.045388
0 0.922852 0.064422 0.021484 0.040996
0 0.829590 0.018302 0.016602 0.033675
0 0.982422 0.188873 0.021484 0.043924
0 0.986328 0.379941 0.025391 0.045388
0 0.755859 0.401171 0.027344 0.052709
0 0.658203 0.446559 0.029297 0.055637
0 0.657715 0.596633 0.028320 0.033675
0 0.632812 0.570278 0.025391 0.062958
0 0.754883 0.478770 0.023438 0.064422
0 0.801758 0.585652 0.035156 0.058565
0 0.745117 0.615666 0.033203 0.060029
0 0.860352 0.449488 0.029297 0.052709
0 0.926270 0.458272 0.028320 0.046852
0 0.912109 0.518302 0.031250 0.061493
0 0.936035 0.532943 0.026367 0.049780
0 0.938965 0.418741 0.022461 0.043924
0 0.528809 0.179356 0.018555 0.042460
0 0.535645 0.633968 0.034180 0.055637
0 0.640625 0.652269 0.011719 0.039531
0 0.677734 0.660322 0.033203 0.043924
0 0.776855 0.699854 0.024414 0.058565
0 0.800781 0.710102 0.023438 0.055637
0 0.947266 0.670571 0.035156 0.067350
0 0.929199 0.777452 0.024414 0.055637
0 0.985352 0.531479 0.027344 0.049780
0 0.835938 0.762079 0.025391 0.062958
0 0.860840 0.666179 0.028320 0.061493
0 0.717285 0.542460 0.020508 0.054173
0 0.367188 0.374085 0.023438 0.039531
0 0.205078 0.794290 0.013672 0.057101
0 0.272949 0.796486 0.012695 0.040996
0 0.636719 0.170571 0.017578 0.048316
0 0.006348 0.330893 0.012695 0.058565