0 0.138672 0.015950 0.023438 0.031900
0 0.156738 0.061720 0.024414 0.051318
0 0.137207 0.135229 0.026367 0.048544
0 0.082520 0.208738 0.024414 0.045770
0 0.145996 0.265603 0.024414 0.054092
0 0.165527 0.344660 0.026367 0.042996
0 0.055176 0.339806 0.024414 0.044383
0 0.103027 0.405687 0.028320 0.048544
0 0.112305 0.465326 0.023438 0.045770
0 0.157715 0.425104 0.026367 0.051318
0 0.196777 0.408460 0.028320 0.048544
0 0.237793 0.071429 0.024414 0.042996
0 0.229492 0.163662 0.023438 0.044383
0 0.228516 0.265603 0.027344 0.051318
0 0.242676 0.341886 0.024414 0.045770
0 0.275391 0.452843 0.027344 0.056865
0 0.302246 0.412621 0.026367 0.056865
0 0.285645 0.024965 0.026367 0.049931
0 0.266113 0.137309 0.024414 0.052705
0 0.309570 0.074202 0.025391 0.048544
0 0.348145 0.121359 0.024414 0.051318
0 0.373535 0.088766 0.026367 0.049931
0 0.373535 0.019417 0.024414 0.038835
0 0.470215 0.022885 0.024414 0.045770
0 0.462891 0.074202 0.023438 0.048544
0 0.407227 0.119279 0.023438 0.049931
0 0.372559 0.178918 0.024414 0.049931
0 0.462891 0.180999 0.025391 0.042996
0 0.484375 0.144938 0.025391 0.042996
0 0.517578 0.101942 0.019531 0.048544
0 0.541504 0.014563 0.026367 0.029126
0 0.571777 0.067961 0.024414 0.055479
0 0.561035 0.157420 0.024414 0.051318
0 0.548828 0.281553 0.023438 0.047157
0 0.333496 0.339806 0.026367 0.049931
0 0.383301 0.383495 0.026367 0.042996
0 0.459961 0.444521 0.023438 0.056865
0 0.462891 0.368239 0.015625 0.045770
0 0.479004 0.396671 0.024414 0.049931
0 0.560059 0.357143 0.026367 0.048544
0 0.550781 0.423024 0.017578 0.049931
0 0.560059 0.425798 0.016602 0.038835
0 0.547363 0.483356 0.022461 0.048544
0 0.498047 0.455617 0.023438 0.042996
0 0.661133 0.017337 0.027344 0.034674
0 0.618164 0.092233 0.019531 0.045770
0 0.651855 0.128294 0.026367 0.056865
0 0.735352 0.086685 0.025391 0.045770
0 0.771484 0.119972 0.027344 0.054092
0 0.838379 0.086685 0.024414 0.054092
0 0.895020 0.057559 0.024414 0.048544
0 0.862793 0.094313 0.016602 0.036061
0 0.821289 0.159501 0.027344 0.049931
0 0.727051 0.174757 0.024414 0.044383
0 0.653320 0.251734 0.029297 0.045770
0 0.612305 0.381415 0.027344 0.049931
0 0.635254 0.364078 0.020508 0.045770
0 0.690918 0.405687 0.026367 0.045770
0 0.675293 0.436200 0.026367 0.051318
0 0.562988 0.509015 0.026367 0.052705
0 0.639648 0.520111 0.027344 0.052705
0 0.738770 0.501387 0.024414 0.054092
0 0.753906 0.426491 0.027344 0.048544
0 0.761230 0.224688 0.026367 0.047157
0 0.791992 0.289182 0.025391 0.056865
0 0.793945 0.366852 0.029297 0.048544
0 0.906250 0.159501 0.025391 0.044383
0 0.864258 0.242025 0.029297 0.054092
0 0.893555 0.274619 0.009766 0.055479
0 0.889160 0.365465 0.026367 0.051318
0 0.873535 0.419556 0.026367 0.056865
0 0.964355 0.461165 0.026367 0.045770
0 0.957031 0.108183 0.029297 0.058252
0 0.985352 0.036061 0.023438 0.044383
0 0.993164 0.317614 0.013672 0.047157
0 0.986328 0.370319 0.023438 0.058252
0 0.930664 0.529820 0.021484 0.052705
0 0.937988 0.597781 0.026367 0.049931
0 0.946289 0.694175 0.025391 0.048544
0 0.932617 0.885576 0.023438 0.054092
0 0.876953 0.888350 0.029297 0.056865
0 0.875977 0.968793 0.025391 0.042996
0 0.819336 0.891123 0.021484 0.062413
0 0.746094 0.895284 0.025391 0.054092
0 0.731445 0.805825 0.027344 0.058252
0 0.756836 0.782247 0.025391 0.047157
0 0.782227 0.762136 0.015625 0.054092
0 0.802734 0.677531 0.029297 0.051318
0 0.850586 0.628294 0.021484 0.052705
0 0.839355 0.564494 0.024414 0.055479
0 0.777344 0.621359 0.013672 0.055479
0 0.709961 0.674757 0.027344 0.054092
0 0.651367 0.576283 0.009766 0.040222
0 0.680664 0.737171 0.021484 0.051318
0 0.668945 0.799584 0.027344 0.054092
0 0.677734 0.934119 0.023438 0.062413
0 0.579102 0.709431 0.027344 0.062413
0 0.589844 0.628294 0.027344 0.052705
0 0.031250 0.420250 0.027344 0.044383
0 0.024414 0.486824 0.021484 0.041609
0 0.041992 0.515950 0.027344 0.049931
0 0.048828 0.588766 0.031250 0.048544
0 0.008789 0.750347 0.017578 0.066574
0 0.093262 0.684466 0.026367 0.045770
0 0.119141 0.722607 0.031250 0.049931
0 0.026367 0.892510 0.023438 0.045770
0 0.017090 0.933426 0.024414 0.055479
0 0.084961 0.954230 0.027344 0.047157
0 0.132324 0.978502 0.028320 0.042996
0 0.096680 0.867545 0.023438 0.034674
0 0.139648 0.811373 0.027344 0.052705
0 0.214355 0.805132 0.028320 0.042996
0 0.204102 0.898752 0.025391 0.041609
0 0.204102 0.938280 0.027344 0.056865
0 0.208496 0.986130 0.026367 0.027739
0 0.284668 0.943828 0.028320 0.051318
0 0.296875 0.883495 0.025391 0.049931
0 0.155762 0.606103 0.026367 0.055479
0 0.218262 0.665049 0.028320 0.054092
0 0.227539 0.555479 0.025391 0.045770
0 0.271484 0.624827 0.025391 0.054092
0 0.294922 0.538141 0.025391 0.044383
0 0.406250 0.529820 0.025391 0.052705
0 0.375488 0.615118 0.028320 0.051318
0 0.344727 0.689320 0.025391 0.049931
0 0.361328 0.748960 0.011719 0.061026
0 0.375977 0.977809 0.029297 0.044383
0 0.387207 0.946602 0.026367 0.048544
0 0.415527 0.680999 0.028320 0.047157
0 0.447266 0.609570 0.023438 0.051318
0 0.482910 0.533981 0.024414 0.055479
0 0.475098 0.676144 0.014648 0.056865
0 0.482422 0.945215 0.031250 0.059639
0 0.703613 0.988904 0.026367 0.022191
0 0.036133 0.016644 0.021484 0.033287
0 0.010742 0.367545 0.021484 0.044383
0 0.961914 0.710818 0.027344 0.051318