0 0.015137 0.030747 0.028320 0.061493
0 0.099121 0.032943 0.034180 0.060029
0 0.213379 0.049048 0.024414 0.062958
0 0.004395 0.089312 0.008789 0.058565
0 0.057129 0.133236 0.036133 0.055637
0 0.295898 0.167643 0.031250 0.057101
0 0.374023 0.145681 0.035156 0.077599
0 0.278809 0.305271 0.036133 0.068814
0 0.116211 0.371157 0.041016 0.080527
0 0.223633 0.393119 0.033203 0.065886
0 0.385254 0.272328 0.032227 0.067350
0 0.491211 0.254758 0.037109 0.073206
0 0.466309 0.383602 0.036133 0.064422
0 0.532715 0.472182 0.040039 0.074671
0 0.512207 0.468521 0.034180 0.064422
0 0.451660 0.497072 0.034180 0.068814
0 0.354980 0.435578 0.038086 0.074671
0 0.194824 0.487555 0.034180 0.076135
0 0.089844 0.492679 0.039062 0.092240
0 0.056641 0.599561 0.041016 0.068814
0 0.161133 0.609078 0.037109 0.067350
0 0.021484 0.747438 0.029297 0.086384
0 0.253906 0.729136 0.037109 0.081991
0 0.381836 0.752562 0.039062 0.073206
0 0.628906 0.502196 0.035156 0.070278
0 0.652344 0.612738 0.039062 0.083455
0 0.658691 0.732796 0.032227 0.054173
0 0.707031 0.173499 0.035156 0.068814
0 0.814453 0.159590 0.031250 0.067350
0 0.930176 0.041728 0.038086 0.048316
0 0.940918 0.151537 0.038086 0.065886
0 0.909668 0.254026 0.036133 0.068814
0 0.810059 0.255490 0.032227 0.057101
0 0.890625 0.475842 0.035156 0.079063
0 0.973633 0.557833 0.033203 0.064422
0 0.989258 0.585652 0.021484 0.076135
0 0.852539 0.724744 0.041016 0.076135
0 0.752930 0.615666 0.035156 0.074671
0 0.735352 0.739385 0.041016 0.079063
0 0.734375 0.870425 0.039062 0.071742
0 0.925781 0.852855 0.039062 0.071742
0 0.018066 0.972182 0.036133 0.052709
0 0.132812 0.918741 0.039062 0.062958
0 0.234863 0.896779 0.041992 0.065886
0 0.365234 0.896779 0.041016 0.074671
0 0.463379 0.903367 0.040039 0.067350
0 0.630859 0.887994 0.037109 0.086384
0 0.284668 0.033675 0.030273 0.049780
0 0.087402 0.289165 0.030273 0.057101