0 0.011719 0.035156 0.007812 0.010417
0 0.065430 0.098958 0.011719 0.018229
0 0.105469 0.080729 0.009766 0.015625
0 0.067383 0.044922 0.009766 0.014323
0 0.053223 0.037760 0.008789 0.010417
0 0.039062 0.160156 0.007812 0.015625
0 0.024414 0.078125 0.009766 0.015625
0 0.043457 0.076823 0.006836 0.013021
0 0.041016 0.039062 0.009766 0.013021
0 0.065430 0.033203 0.009766 0.014323
0 0.095703 0.022786 0.009766 0.016927
0 0.129883 0.038411 0.011719 0.019531
0 0.127441 0.017578 0.010742 0.014323
0 0.147949 0.019531 0.008789 0.013021
0 0.157227 0.030599 0.007812 0.014323
0 0.169922 0.068359 0.009766 0.016927
0 0.136719 0.061198 0.007812 0.013021
0 0.141602 0.080729 0.009766 0.018229
0 0.139160 0.117839 0.010742 0.019531
0 0.172852 0.129557 0.011719 0.019531
0 0.141113 0.159505 0.014648 0.019531
0 0.096680 0.111328 0.011719 0.019531
0 0.111328 0.145833 0.015625 0.020833
0 0.095215 0.139974 0.010742 0.016927
0 0.038574 0.140625 0.012695 0.013021
0 0.105957 0.061849 0.008789 0.014323
0 0.170410 0.016276 0.008789 0.011719
0 0.179199 0.161458 0.012695 0.020833
0 0.179688 0.104167 0.009766 0.020833
0 0.182129 0.078776 0.008789 0.022135
0 0.004883 0.072917 0.009766 0.018229
0 0.020508 0.033854 0.007812 0.013021
0 0.027344 0.039062 0.005859 0.013021
0 0.038574 0.066406 0.006836 0.013021
0 0.086914 0.146484 0.009766 0.016927
0 0.075684 0.142578 0.008789 0.019531
0 0.029297 0.189453 0.013672 0.024740
0 0.027344 0.213542 0.015625 0.023438
0 0.071777 0.214193 0.014648 0.022135
0 0.059570 0.176432 0.011719 0.014323
0 0.078613 0.188802 0.012695 0.023438
0 0.086426 0.187500 0.008789 0.015625
0 0.116211 0.177734 0.011719 0.019531
0 0.044922 0.240234 0.013672 0.024740
0 0.039551 0.258464 0.018555 0.024740
0 0.005371 0.289062 0.010742 0.026042
0 0.011230 0.274740 0.012695 0.020833
0 0.094238 0.268880 0.014648 0.024740
0 0.107422 0.231771 0.017578 0.026042
0 0.150879 0.222656 0.012695 0.028646
0 0.172363 0.179688 0.014648 0.023438
0 0.168945 0.244792 0.015625 0.028646
0 0.188965 0.248698 0.012695 0.020833
0 0.188965 0.203776 0.008789 0.014323
0 0.245117 0.149089 0.013672 0.019531
0 0.243652 0.175130 0.012695 0.016927
0 0.227051 0.270833 0.016602 0.028646
0 0.238770 0.268229 0.010742 0.031250
0 0.217773 0.206380 0.009766 0.024740
0 0.209473 0.215495 0.014648 0.029948
0 0.173828 0.319010 0.019531 0.031250
0 0.106934 0.332031 0.018555 0.031250
0 0.126465 0.361328 0.012695 0.019531
0 0.004883 0.337240 0.009766 0.026042
0 0.065430 0.322266 0.015625 0.019531
0 0.068359 0.292318 0.013672 0.019531
0 0.032227 0.298177 0.013672 0.020833
0 0.132324 0.266276 0.014648 0.027344
0 0.200195 0.015625 0.009766 0.018229
0 0.184082 0.008464 0.006836 0.014323
0 0.230957 0.065755 0.008789 0.014323
0 0.218750 0.025391 0.009766 0.011719
0 0.214355 0.128255 0.012695 0.022135
0 0.240234 0.113281 0.009766 0.015625
0 0.256348 0.111328 0.010742 0.019531
0 0.250977 0.082682 0.011719 0.014323
0 0.240723 0.044271 0.008789 0.015625
0 0.254395 0.047526 0.010742 0.019531
0 0.254883 0.024740 0.007812 0.015625
0 0.267578 0.019531 0.007812 0.013021
0 0.283691 0.023438 0.008789 0.015625
0 0.294434 0.016276 0.006836 0.011719
0 0.298340 0.039714 0.008789 0.016927
0 0.308105 0.048177 0.008789 0.015625
0 0.312012 0.030599 0.006836 0.011719
0 0.336426 0.024740 0.010742 0.020833
0 0.354492 0.024089 0.009766 0.016927
0 0.356445 0.037109 0.009766 0.016927
0 0.338379 0.061849 0.006836 0.016927
0 0.346191 0.060547 0.004883 0.019531
0 0.325684 0.059245 0.004883 0.011719
0 0.309082 0.069010 0.010742 0.015625
0 0.280273 0.097005 0.009766 0.019531
0 0.277344 0.141927 0.011719 0.023438
0 0.340332 0.132812 0.010742 0.020833
0 0.361816 0.131510 0.014648 0.026042
0 0.242188 0.008464 0.007812 0.011719
0 0.309082 0.159505 0.010742 0.022135
0 0.330078 0.166016 0.013672 0.019531
0 0.335938 0.111979 0.009766 0.018229
0 0.271973 0.069661 0.008789 0.016927
0 0.374512 0.020182 0.012695 0.019531
0 0.396973 0.016276 0.010742 0.014323
0 0.388184 0.039714 0.008789 0.016927
0 0.394531 0.033854 0.009766 0.015625
0 0.438477 0.018880 0.009766 0.016927
0 0.456055 0.043620 0.009766 0.014323
0 0.363770 0.062500 0.008789 0.013021
0 0.355469 0.100911 0.009766 0.014323
0 0.392578 0.143229 0.015625 0.020833
0 0.384766 0.182943 0.017578 0.024740
0 0.416016 0.172526 0.013672 0.024740
0 0.440430 0.079427 0.009766 0.018229
0 0.442383 0.106771 0.011719 0.020833
0 0.461914 0.117188 0.017578 0.026042
0 0.448242 0.134115 0.011719 0.020833
0 0.460938 0.072266 0.011719 0.019531
0 0.471680 0.051432 0.009766 0.019531
0 0.514648 0.041016 0.011719 0.019531
0 0.508789 0.067057 0.011719 0.027344
0 0.526855 0.097656 0.012695 0.026042
0 0.527832 0.152344 0.012695 0.026042
0 0.512695 0.154948 0.015625 0.028646
0 0.501465 0.118490 0.014648 0.023438
0 0.499512 0.106771 0.016602 0.018229
0 0.462402 0.192708 0.016602 0.018229
0 0.416504 0.097005 0.010742 0.019531
0 0.547852 0.042969 0.009766 0.018229
0 0.543457 0.063151 0.010742 0.019531
0 0.553223 0.069661 0.014648 0.027344
0 0.595215 0.059245 0.012695 0.019531
0 0.589355 0.031901 0.012695 0.022135
0 0.601562 0.054036 0.009766 0.022135
0 0.619141 0.031901 0.011719 0.019531
0 0.630371 0.035156 0.010742 0.018229
0 0.646973 0.024740 0.012695 0.023438
0 0.681641 0.038411 0.013672 0.016927
0 0.698730 0.069010 0.016602 0.026042
0 0.690430 0.090495 0.015625 0.027344
0 0.662109 0.097656 0.015625 0.023438
0 0.640625 0.089193 0.011719 0.024740
0 0.655762 0.070312 0.012695 0.018229
0 0.629395 0.058594 0.012695 0.020833
0 0.579102 0.076172 0.009766 0.016927
0 0.586914 0.096354 0.011719 0.026042
0 0.607422 0.120443 0.011719 0.024740
0 0.552734 0.114583 0.009766 0.018229
0 0.566895 0.135417 0.012695 0.018229
0 0.568848 0.180990 0.016602 0.028646
0 0.614746 0.171875 0.016602 0.023438
0 0.601562 0.167969 0.013672 0.026042
0 0.640625 0.145182 0.017578 0.024740
0 0.650391 0.121094 0.015625 0.028646
0 0.656250 0.167969 0.013672 0.023438
0 0.675781 0.171875 0.013672 0.023438
0 0.697266 0.147786 0.015625 0.027344
0 0.727539 0.024089 0.009766 0.016927
0 0.760254 0.022135 0.008789 0.018229
0 0.746582 0.037760 0.014648 0.023438
0 0.761719 0.044271 0.013672 0.020833
0 0.745117 0.063802 0.013672 0.023438
0 0.740234 0.083984 0.015625 0.024740
0 0.733398 0.138021 0.017578 0.031250
0 0.764648 0.106120 0.013672 0.024740
0 0.778320 0.108724 0.015625 0.029948
0 0.798828 0.071615 0.015625 0.026042
0 0.798340 0.042318 0.010742 0.019531
0 0.830078 0.044922 0.009766 0.016927
0 0.832031 0.029948 0.009766 0.020833
0 0.811035 0.030599 0.008789 0.011719
0 0.820801 0.096354 0.014648 0.026042
0 0.835449 0.113932 0.018555 0.029948
0 0.857910 0.082031 0.014648 0.023438
0 0.867188 0.055990 0.013672 0.036458
0 0.874023 0.097005 0.013672 0.024740
0 0.899902 0.098307 0.016602 0.024740
0 0.907227 0.062500 0.015625 0.023438
0 0.895020 0.025391 0.014648 0.024740
0 0.937500 0.074870 0.011719 0.016927
0 0.968750 0.042318 0.015625 0.027344
0 0.963867 0.061198 0.013672 0.023438
0 0.980469 0.058594 0.011719 0.023438
0 0.956543 0.131510 0.018555 0.033854
0 0.979980 0.130859 0.016602 0.032552
0 0.938477 0.104167 0.015625 0.026042
0 0.814453 0.157552 0.017578 0.028646
0 0.921387 0.178385 0.014648 0.028646
0 0.895508 0.207031 0.019531 0.036458
0 0.716797 0.250651 0.017578 0.022135
0 0.800781 0.246094 0.017578 0.028646
0 0.874512 0.265625 0.018555 0.036458
0 0.937500 0.248047 0.015625 0.032552
0 0.954590 0.215495 0.016602 0.032552
0 0.959961 0.261719 0.015625 0.036458
0 0.991699 0.197266 0.014648 0.027344
0 0.026855 0.373698 0.016602 0.031250
0 0.041992 0.492188 0.017578 0.033854
0 0.043457 0.530599 0.024414 0.040365
0 0.076660 0.538411 0.024414 0.037760
0 0.096191 0.444010 0.022461 0.039062
0 0.056152 0.416016 0.022461 0.029948
0 0.135742 0.396484 0.021484 0.037760
0 0.198242 0.386068 0.015625 0.029948
0 0.232910 0.405599 0.018555 0.035156
0 0.154297 0.524740 0.023438 0.039062
0 0.157227 0.490885 0.019531 0.036458
0 0.180664 0.563151 0.023438 0.037760
0 0.227539 0.535156 0.025391 0.039062
0 0.251953 0.565104 0.023438 0.036458
0 0.304688 0.569661 0.019531 0.037760
0 0.300293 0.483724 0.024414 0.040365
0 0.328613 0.403646 0.020508 0.039062
0 0.315918 0.373047 0.016602 0.032552
0 0.771484 0.626302 0.025391 0.046875
0 0.132324 0.680339 0.028320 0.040365
0 0.031250 0.772135 0.027344 0.039062
0 0.035156 0.820964 0.029297 0.045573
0 0.121582 0.867839 0.022461 0.045573
0 0.050293 0.930990 0.032227 0.039062
0 0.096680 0.978516 0.025391 0.042969
0 0.214844 0.635417 0.025391 0.033854
0 0.265625 0.673177 0.027344 0.046875
0 0.368164 0.686198 0.031250 0.049479
0 0.316406 0.778646 0.027344 0.041667
0 0.280273 0.889323 0.042969 0.062500
0 0.421875 0.856120 0.039062 0.045573
0 0.207031 0.975260 0.029297 0.041667
0 0.222656 0.845703 0.021484 0.042969
0 0.145996 0.826172 0.016602 0.032552
0 0.126465 0.848307 0.018555 0.032552
0 0.616699 0.015625 0.012695 0.018229
0 0.816406 0.022135 0.013672 0.028646
0 0.678223 0.216146 0.016602 0.033854
0 0.656250 0.270833 0.019531 0.031250
0 0.829590 0.061849 0.012695 0.024740
0 0.816406 0.065104 0.011719 0.020833
0 0.844727 0.061198 0.007812 0.020833
0 0.856445 0.058594 0.007812 0.020833
0 0.793945 0.025391 0.009766 0.022135
0 0.789062 0.024089 0.011719 0.029948
0 0.290039 0.182292 0.009766 0.023438
0 0.270996 0.179036 0.010742 0.024740
0 0.252441 0.212891 0.012695 0.019531
0 0.228027 0.224609 0.010742 0.024740
0 0.243164 0.225260 0.009766 0.020833
0 0.296387 0.235677 0.014648 0.028646
0 0.309570 0.220703 0.017578 0.027344
0 0.322266 0.207031 0.011719 0.018229
0 0.333496 0.195312 0.014648 0.023438
0 0.354492 0.207682 0.015625 0.027344
0 0.350586 0.181641 0.009766 0.016927
0 0.382324 0.230469 0.010742 0.020833
0 0.394043 0.227214 0.010742 0.024740
0 0.333984 0.251302 0.017578 0.028646
0 0.309082 0.287109 0.018555 0.032552
0 0.282715 0.291667 0.016602 0.026042
0 0.259277 0.310547 0.016602 0.027344
0 0.237793 0.311849 0.018555 0.024740
0 0.352051 0.300130 0.016602 0.029948
0 0.361328 0.303385 0.009766 0.023438
0 0.383301 0.328125 0.020508 0.033854
0 0.417969 0.288411 0.015625 0.029948
0 0.397949 0.261719 0.016602 0.031250
0 0.435547 0.257812 0.017578 0.028646
0 0.453125 0.259115 0.013672 0.023438
0 0.466309 0.272135 0.014648 0.026042
0 0.452637 0.291667 0.018555 0.033854
0 0.423828 0.326172 0.013672 0.024740
0 0.485352 0.230469 0.011719 0.026042
0 0.445801 0.397135 0.024414 0.028646
0 0.397461 0.423828 0.019531 0.027344
0 0.373047 0.433594 0.013672 0.031250
0 0.387207 0.449219 0.016602 0.039062
0 0.410645 0.456380 0.018555 0.024740
0 0.424805 0.494141 0.023438 0.037760
0 0.415039 0.544922 0.031250 0.045573
0 0.357910 0.530599 0.018555 0.035156
0 0.437012 0.623047 0.030273 0.042969
0 0.487793 0.557292 0.028320 0.039062
0 0.491211 0.473307 0.023438 0.029948
0 0.552246 0.408203 0.024414 0.035156
0 0.537598 0.361979 0.022461 0.033854
0 0.611816 0.380859 0.020508 0.035156
0 0.590332 0.481120 0.024414 0.035156
0 0.572266 0.514323 0.019531 0.041667
0 0.476074 0.428385 0.020508 0.033854
0 0.537109 0.218750 0.013672 0.023438
0 0.505859 0.242188 0.017578 0.031250
0 0.556152 0.241536 0.020508 0.029948
0 0.574707 0.221354 0.016602 0.023438
0 0.533691 0.282552 0.018555 0.033854
0 0.512207 0.334635 0.014648 0.026042
0 0.644531 0.326172 0.023438 0.040365
0 0.634277 0.283854 0.014648 0.031250
0 0.716309 0.360026 0.022461 0.035156
0 0.701172 0.410156 0.015625 0.041667
0 0.737305 0.407552 0.017578 0.036458
0 0.792480 0.350260 0.024414 0.041667
0 0.797852 0.304688 0.011719 0.031250
0 0.895996 0.292318 0.022461 0.040365
0 0.917480 0.360677 0.022461 0.031250
0 0.977051 0.366536 0.018555 0.029948
0 0.953613 0.399740 0.020508 0.036458
0 0.909668 0.460286 0.016602 0.045573
0 0.875977 0.427083 0.019531 0.036458
0 0.847656 0.472656 0.025391 0.046875
0 0.749512 0.483724 0.014648 0.042969
0 0.663574 0.504557 0.020508 0.037760
0 0.836914 0.536458 0.019531 0.046875
0 0.873535 0.602865 0.024414 0.041667
0 0.916504 0.604167 0.026367 0.044271
0 0.948730 0.512370 0.020508 0.029948
0 0.977051 0.604818 0.038086 0.055990
0 0.982422 0.728516 0.031250 0.055990
0 0.872070 0.669271 0.025391 0.044271
0 0.875488 0.920573 0.026367 0.054688
0 0.986328 0.953776 0.027344 0.066406
0 0.751953 0.809245 0.031250 0.063802
0 0.454102 0.716797 0.035156 0.048177
0 0.398926 0.690104 0.024414 0.036458
0 0.587891 0.746094 0.023438 0.049479
0 0.631348 0.696615 0.022461 0.052083
0 0.664551 0.774089 0.020508 0.048177
0 0.617188 0.839844 0.017578 0.049479
0 0.582031 0.621745 0.021484 0.042969
0 0.092773 0.607422 0.025391 0.042969
0 0.585449 0.966146 0.047852 0.054688