0 0.150391 0.228404 0.027344 0.079063
0 0.196777 0.216691 0.032227 0.073206
0 0.240723 0.249634 0.030273 0.062958
0 0.315430 0.222548 0.029297 0.067350
0 0.343750 0.239385 0.023438 0.057101
0 0.373047 0.210102 0.025391 0.057101
0 0.402344 0.251830 0.021484 0.049780
0 0.766113 0.276720 0.020508 0.046852
0 0.886719 0.266471 0.021484 0.040996
0 0.969238 0.428258 0.012695 0.021962
0 0.944824 0.425329 0.010742 0.024890
0 0.539062 0.381406 0.011719 0.021962
0 0.525391 0.377013 0.009766 0.016105
0 0.545410 0.363836 0.008789 0.013177
0 0.552246 0.382138 0.008789 0.017570
0 0.566406 0.405564 0.013672 0.023426
0 0.580566 0.370425 0.008789 0.014641
0 0.593750 0.412884 0.011719 0.023426
0 0.593750 0.385798 0.011719 0.019034
0 0.610352 0.401903 0.011719 0.021962
0 0.634277 0.396047 0.012695 0.021962
0 0.653320 0.421669 0.013672 0.023426
0 0.671875 0.412152 0.011719 0.021962
0 0.645996 0.378477 0.008789 0.010249
0 0.663086 0.389458 0.009766 0.017570
0 0.683594 0.409956 0.009766 0.023426
0 0.688965 0.389458 0.008789 0.017570
0 0.707520 0.413616 0.010742 0.021962
0 0.743652 0.428258 0.012695 0.021962