0 0.423828 0.043945 0.062500 0.072266
0 0.610352 0.044922 0.076172 0.085938
0 0.920898 0.150391 0.068359 0.109375
0 0.975586 0.406250 0.048828 0.101562
0 0.753906 0.327148 0.078125 0.107422
0 0.777344 0.556641 0.078125 0.109375
0 0.767578 0.750977 0.085938 0.138672
0 0.513672 0.248047 0.070312 0.082031
0 0.495117 0.365234 0.068359 0.097656
0 0.561523 0.519531 0.068359 0.097656
0 0.495117 0.791992 0.072266 0.115234
0 0.251953 0.754883 0.078125 0.087891
0 0.078125 0.547852 0.066406 0.091797
0 0.095703 0.346680 0.070312 0.099609
0 0.096680 0.169922 0.064453 0.089844
0 0.318359 0.188477 0.062500 0.080078
0 0.084961 0.030273 0.056641 0.052734
0 0.293945 0.396484 0.072266 0.089844
0 0.286133 0.528320 0.087891 0.115234