0 0.159668 0.283987 0.006836 0.005882
0 0.101074 0.350980 0.034180 0.033987
0 0.308594 0.283987 0.009766 0.008497
0 0.219727 0.280392 0.005859 0.003922
0 0.194824 0.283007 0.004883 0.003922
0 0.184570 0.296078 0.009766 0.006536
0 0.205566 0.298039 0.012695 0.009150
0 0.084961 0.283007 0.005859 0.005229
0 0.209473 0.280392 0.004883 0.003922
0 0.856934 0.168627 0.086914 0.061438
0 0.593262 0.166340 0.110352 0.079085
0 0.290039 0.393791 0.041016 0.024183
0 0.299805 0.338562 0.042969 0.031373
0 0.405762 0.306863 0.030273 0.024183
0 0.424805 0.311438 0.019531 0.017647
0 0.435547 0.295752 0.017578 0.015033
0 0.439453 0.269608 0.013672 0.011111
0 0.412598 0.279739 0.014648 0.011765
0 0.400391 0.273529 0.011719 0.007190
0 0.362305 0.314052 0.019531 0.017647
0 0.382324 0.304902 0.016602 0.011111
0 0.316406 0.311765 0.023438 0.019608
0 0.333984 0.301307 0.015625 0.011765
0 0.318848 0.297712 0.014648 0.011111
0 0.340332 0.276471 0.008789 0.006536
0 0.270020 0.309804 0.024414 0.022222
0 0.294922 0.292484 0.013672 0.009804
0 0.306152 0.273529 0.008789 0.007190
0 0.324707 0.273529 0.006836 0.005882
0 0.286133 0.276471 0.009766 0.006536
0 0.270996 0.292810 0.008789 0.006536
0 0.258301 0.294118 0.012695 0.006536
0 0.268066 0.353922 0.016602 0.015033
0 0.104004 0.380719 0.043945 0.037255
0 0.188965 0.348366 0.028320 0.018301
0 0.196289 0.323203 0.019531 0.016340
0 0.215332 0.311111 0.022461 0.014379
0 0.195312 0.310131 0.023438 0.016340
0 0.173340 0.318954 0.034180 0.022222
0 0.245117 0.297386 0.013672 0.007843
0 0.252441 0.305882 0.010742 0.011765
0 0.234863 0.297059 0.012695 0.008497
0 0.223633 0.297712 0.013672 0.008497
0 0.229004 0.288562 0.008789 0.007190
0 0.243164 0.290523 0.007812 0.005882
0 0.055176 0.343464 0.030273 0.022876
0 0.030273 0.266013 0.023438 0.018301
0 0.128418 0.340196 0.036133 0.025490
0 0.125488 0.312092 0.026367 0.015033
0 0.137207 0.308497 0.018555 0.013072
0 0.147461 0.304902 0.015625 0.012418
0 0.165039 0.301961 0.019531 0.014379
0 0.101074 0.313399 0.014648 0.011111
0 0.078613 0.310784 0.016602 0.011111
0 0.092285 0.305229 0.012695 0.009150
0 0.079102 0.301634 0.009766 0.007190
0 0.097168 0.300654 0.012695 0.006536
0 0.108887 0.299020 0.008789 0.007190
0 0.125977 0.282680 0.007812 0.007190
0 0.181641 0.280392 0.005859 0.005229