0 0.396973 0.341874 0.036133 0.065886
0 0.421387 0.307467 0.030273 0.055637
0 0.332031 0.341874 0.039062 0.083455
0 0.360352 0.485359 0.035156 0.074671
0 0.273926 0.411420 0.040039 0.070278
0 0.187012 0.434846 0.051758 0.090776
0 0.060059 0.459004 0.053711 0.077599
0 0.181641 0.341142 0.035156 0.052709
0 0.117676 0.325037 0.040039 0.079063
0 0.155762 0.266471 0.032227 0.046852
0 0.041992 0.136164 0.044922 0.076135
0 0.125488 0.291362 0.030273 0.052709
0 0.101074 0.205710 0.018555 0.027818
0 0.145508 0.215959 0.017578 0.030747
0 0.213379 0.209370 0.016602 0.029283
0 0.239258 0.212299 0.017578 0.029283
0 0.301270 0.159590 0.014648 0.020498
0 0.447266 0.183748 0.021484 0.033675
0 0.376465 0.133236 0.016602 0.032211
0 0.396973 0.120059 0.012695 0.020498
0 0.410645 0.068082 0.016602 0.024890
0 0.947754 0.355783 0.030273 0.046852
0 0.965820 0.397511 0.029297 0.051245
0 0.901855 0.363104 0.018555 0.043924
0 0.916016 0.289165 0.021484 0.033675
0 0.868164 0.289165 0.019531 0.033675
0 0.876465 0.257687 0.020508 0.035139
0 0.833984 0.243777 0.015625 0.024890
0 0.743164 0.266471 0.013672 0.032211
0 0.789062 0.267204 0.017578 0.027818
0 0.775879 0.251830 0.016602 0.026354
0 0.722656 0.240117 0.013672 0.023426
0 0.791504 0.213763 0.014648 0.023426
0 0.840820 0.228404 0.009766 0.014641
0 0.795898 0.180088 0.009766 0.017570
0 0.668457 0.181552 0.024414 0.040996
0 0.358887 0.093704 0.016602 0.026354
0 0.309570 0.066618 0.013672 0.024890
0 0.284668 0.129575 0.014648 0.027818
0 0.254395 0.100293 0.016602 0.021962
0 0.504883 0.092240 0.025391 0.035139
0 0.347656 0.081259 0.013672 0.021962
0 0.174316 0.084919 0.016602 0.023426
0 0.139160 0.055637 0.014648 0.023426
0 0.293457 0.056369 0.012695 0.024890
0 0.268066 0.067350 0.010742 0.020498
0 0.345215 0.062225 0.014648 0.024890
0 0.604004 0.016105 0.032227 0.032211
0 0.966797 0.901171 0.066406 0.197657
0 0.614746 0.606881 0.075195 0.159590
0 0.397949 0.800878 0.116211 0.161054
0 0.300293 0.590776 0.069336 0.130307
0 0.165039 0.601757 0.085938 0.120059
0 0.219238 0.325037 0.030273 0.046852
0 0.207520 0.266471 0.024414 0.038067
0 0.358887 0.136164 0.018555 0.029283
0 0.467773 0.603953 0.021484 0.101025