0 0.849609 0.420205 0.062500 0.093704
0 0.681641 0.770132 0.050781 0.081991
0 0.782227 0.717423 0.023438 0.049780
0 0.652832 0.557101 0.045898 0.065886
0 0.479980 0.535139 0.057617 0.095168
0 0.294434 0.606149 0.057617 0.099561
0 0.399902 0.676428 0.036133 0.058565
0 0.245605 0.879941 0.088867 0.158126
0 0.090820 0.953880 0.027344 0.048316
0 0.160156 0.774524 0.029297 0.058565
0 0.232422 0.766471 0.021484 0.039531
0 0.168457 0.745974 0.028320 0.051245
0 0.755371 0.625915 0.016602 0.033675
0 0.981445 0.496340 0.037109 0.202050