0 0.339844 0.570588 0.011719 0.026471
0 0.361328 0.588235 0.015625 0.020588
0 0.438477 0.585294 0.019531 0.038235
0 0.426758 0.577206 0.013672 0.027941
0 0.379883 0.545588 0.007812 0.026471
0 0.392090 0.557353 0.004883 0.023529
0 0.402832 0.567647 0.006836 0.023529
0 0.565430 0.538971 0.019531 0.042647
0 0.791016 0.339706 0.062500 0.114706
0 0.647461 0.491176 0.033203 0.061765
0 0.604492 0.516176 0.027344 0.058824
0 0.020020 0.538971 0.010742 0.013235
0 0.156738 0.608824 0.016602 0.017647
0 0.178711 0.612500 0.019531 0.033824
0 0.197754 0.628676 0.022461 0.045588
0 0.280273 0.641912 0.027344 0.054412
0 0.340332 0.650735 0.034180 0.066176
0 0.309570 0.571324 0.009766 0.022059