0 0.139648 0.534043 0.029297 0.068085
0 0.432129 0.185106 0.024414 0.068085
0 0.403320 0.525532 0.029297 0.076596
0 0.309570 0.526596 0.023438 0.061702
0 0.232422 0.515957 0.029297 0.065957
0 0.270508 0.182979 0.025391 0.059574
0 0.348633 0.212766 0.025391 0.059574
0 0.184570 0.178723 0.025391 0.059574
0 0.080078 0.144681 0.027344 0.068085
0 0.061523 0.518085 0.027344 0.074468
0 0.621582 0.204255 0.024414 0.063830
0 0.509277 0.202128 0.024414 0.059574
0 0.646484 0.525532 0.025391 0.068085
0 0.520508 0.507447 0.029297 0.074468
0 0.479980 0.526596 0.026367 0.074468
0 0.933105 0.225532 0.024414 0.063830
0 0.933105 0.567021 0.030273 0.074468
0 0.859863 0.224468 0.024414 0.061702
0 0.837891 0.554255 0.027344 0.065957
0 0.745117 0.212766 0.029297 0.063830
0 0.733398 0.515957 0.029297 0.074468