0 0.106445 0.341146 0.041016 0.059896
0 0.837891 0.320312 0.037109 0.059896
0 0.560059 0.262370 0.008789 0.014323
0 0.468750 0.302734 0.009766 0.019531
0 0.424316 0.312500 0.008789 0.015625
0 0.398438 0.302734 0.009766 0.016927
0 0.337402 0.300130 0.006836 0.011719
0 0.348633 0.313151 0.009766 0.016927
0 0.370605 0.310547 0.006836 0.011719
0 0.312012 0.318359 0.008789 0.011719
0 0.278320 0.315104 0.007812 0.015625
0 0.254395 0.304036 0.010742 0.016927
0 0.267578 0.304688 0.007812 0.013021
0 0.061035 0.310547 0.006836 0.011719
0 0.149414 0.305990 0.005859 0.010417