0 0.933594 0.549479 0.009766 0.019097
0 0.902832 0.540799 0.010742 0.022569
0 0.868164 0.539931 0.011719 0.024306
0 0.847168 0.546007 0.010742 0.019097
0 0.809082 0.544271 0.010742 0.022569
0 0.786133 0.544271 0.009766 0.022569
0 0.218262 0.289931 0.006836 0.013889
0 0.180664 0.296007 0.005859 0.012153
0 0.153320 0.270833 0.007812 0.013889
0 0.120605 0.296875 0.004883 0.010417
0 0.085938 0.289062 0.007812 0.015625
0 0.070312 0.298611 0.005859 0.010417
0 0.218262 0.539931 0.006836 0.013889
0 0.195801 0.538194 0.008789 0.020833
0 0.165039 0.544271 0.009766 0.022569
0 0.137207 0.543403 0.010742 0.020833
0 0.109375 0.545139 0.009766 0.024306
0 0.084961 0.546875 0.009766 0.020833
0 0.066406 0.539931 0.009766 0.020833
0 0.487305 0.612847 0.056641 0.107639
0 0.324219 0.476562 0.074219 0.192708
0 0.570312 0.269965 0.009766 0.019097
0 0.542480 0.282986 0.008789 0.017361
0 0.512695 0.289062 0.009766 0.019097
0 0.469238 0.280382 0.008789 0.019097
0 0.438477 0.258681 0.009766 0.020833
0 0.925293 0.273438 0.014648 0.026042
0 0.876465 0.269965 0.012695 0.029514
0 0.828125 0.265625 0.013672 0.027778
0 0.781738 0.323785 0.014648 0.026042
0 0.752441 0.433160 0.014648 0.029514
0 0.737793 0.441840 0.016602 0.029514
0 0.706543 0.434028 0.014648 0.031250
0 0.687500 0.469618 0.015625 0.032986
0 0.636230 0.447917 0.018555 0.041667
0 0.610352 0.442708 0.017578 0.034722