0 0.145508 0.749467 0.007812 0.023454
0 0.177246 0.747335 0.008789 0.027719
0 0.212402 0.739872 0.008789 0.021322
0 0.249023 0.740938 0.005859 0.019190
0 0.263672 0.743070 0.007812 0.023454
0 0.292480 0.734542 0.006836 0.019190
0 0.339844 0.742004 0.007812 0.021322
0 0.365723 0.729211 0.006836 0.021322
0 0.395020 0.726013 0.006836 0.023454
0 0.444824 0.724947 0.006836 0.021322
0 0.435547 0.717484 0.005859 0.023454
0 0.488770 0.713220 0.006836 0.019190
0 0.502930 0.715352 0.007812 0.027719
0 0.546387 0.715352 0.008789 0.027719
0 0.542480 0.706823 0.006836 0.023454
0 0.569824 0.711087 0.008789 0.027719
0 0.592773 0.721748 0.007812 0.023454
0 0.603516 0.733475 0.007812 0.021322
0 0.633301 0.710021 0.008789 0.021322
0 0.646973 0.711087 0.006836 0.023454
0 0.669922 0.706823 0.009766 0.027719
0 0.714355 0.713220 0.010742 0.036247
0 0.727051 0.692964 0.010742 0.029851
0 0.750488 0.685501 0.010742 0.031983
0 0.780273 0.690832 0.009766 0.025586
0 0.927246 0.314499 0.010742 0.027719
0 0.106934 0.557569 0.006836 0.019190
0 0.138672 0.565032 0.007812 0.025586