0 0.059082 0.270452 0.018555 0.030525
0 0.130371 0.298535 0.016602 0.025641
0 0.187012 0.307082 0.016602 0.025641
0 0.241211 0.292430 0.015625 0.025641
0 0.259277 0.360195 0.014648 0.031746
0 0.185547 0.356532 0.015625 0.029304
0 0.162109 0.409646 0.023438 0.028083
0 0.073730 0.394994 0.020508 0.030525
0 0.229492 0.481074 0.019531 0.029304
0 0.163086 0.629426 0.025391 0.050061
0 0.298340 0.638584 0.026367 0.041514
0 0.424316 0.605006 0.022461 0.037851
0 0.294922 0.285714 0.015625 0.024420
0 0.359375 0.291819 0.015625 0.021978
0 0.422363 0.297924 0.012695 0.026862
0 0.331055 0.352259 0.015625 0.028083
0 0.282715 0.396825 0.018555 0.024420
0 0.406738 0.366300 0.016602 0.026862
0 0.377930 0.419414 0.019531 0.030525
0 0.448242 0.412088 0.017578 0.032967
0 0.301270 0.467033 0.018555 0.030525
0 0.340820 0.501221 0.019531 0.035409
0 0.400879 0.470085 0.018555 0.031746
0 0.412598 0.499389 0.018555 0.029304
0 0.488770 0.278999 0.014648 0.023199
0 0.554688 0.268620 0.017578 0.026862
0 0.480957 0.377900 0.018555 0.028083
0 0.552734 0.368742 0.015625 0.026862
0 0.616699 0.367521 0.016602 0.026862
0 0.593262 0.423077 0.018555 0.030525
0 0.520020 0.418803 0.016602 0.029304
0 0.479492 0.463980 0.019531 0.031746
0 0.550293 0.471306 0.018555 0.031746
0 0.618652 0.476801 0.020508 0.035409
0 0.494141 0.528694 0.021484 0.034188
0 0.577637 0.622711 0.024414 0.039072
0 0.581055 0.498779 0.019531 0.035409
0 0.627441 0.274725 0.014648 0.026862
0 0.695801 0.318071 0.014648 0.023199
0 0.764160 0.334554 0.016602 0.024420
0 0.737305 0.378510 0.015625 0.029304
0 0.681641 0.374847 0.013672 0.024420
0 0.675293 0.418803 0.018555 0.029304
0 0.768555 0.483516 0.021484 0.034188
0 0.690430 0.492063 0.017578 0.029304
0 0.658203 0.510379 0.021484 0.034188
0 0.725586 0.635531 0.029297 0.045177
0 0.832031 0.322344 0.015625 0.021978
0 0.900391 0.329060 0.015625 0.023199
0 0.952637 0.310134 0.014648 0.026862
0 0.813965 0.372405 0.018555 0.026862
0 0.846191 0.415751 0.020508 0.032967
0 0.917969 0.429792 0.019531 0.031746
0 0.865723 0.656288 0.030273 0.047619