0 0.976562 0.502928 0.013672 0.021962
0 0.978027 0.472182 0.014648 0.024890
0 0.921875 0.456808 0.009766 0.014641
0 0.896484 0.513177 0.009766 0.016105
0 0.842773 0.524890 0.017578 0.024890
0 0.872559 0.505857 0.010742 0.016105
0 0.895020 0.461201 0.010742 0.020498
0 0.874512 0.435578 0.014648 0.021962
0 0.817383 0.466325 0.011719 0.021962
0 0.838379 0.445827 0.008789 0.019034
0 0.807617 0.405564 0.007812 0.014641
0 0.788086 0.458272 0.011719 0.020498
0 0.795410 0.444363 0.010742 0.019034
0 0.775879 0.505124 0.020508 0.029283
0 0.736816 0.448755 0.010742 0.021962
0 0.729492 0.486823 0.009766 0.019034
0 0.717285 0.445095 0.008789 0.017570
0 0.695801 0.460469 0.008789 0.016105
0 0.683594 0.469253 0.009766 0.019034
0 0.644043 0.450220 0.008789 0.019034
0 0.669922 0.453148 0.007812 0.016105
0 0.608398 0.459736 0.005859 0.011713
0 0.595215 0.507321 0.006836 0.013177
0 0.580566 0.492679 0.006836 0.013177
0 0.566406 0.499268 0.005859 0.011713
0 0.558105 0.477306 0.006836 0.011713
0 0.592773 0.449488 0.005859 0.011713
0 0.558594 0.453880 0.005859 0.011713
0 0.540527 0.443631 0.006836 0.011713
0 0.588867 0.551977 0.007812 0.011713
0 0.614258 0.557833 0.007812 0.014641
0 0.530273 0.456076 0.005859 0.013177
0 0.520508 0.451684 0.005859 0.010249
0 0.505859 0.446559 0.005859 0.014641
0 0.578125 0.437775 0.005859 0.011713
0 0.613770 0.436310 0.004883 0.011713
0 0.499023 0.492679 0.005859 0.010249
0 0.483398 0.483163 0.005859 0.011713
0 0.498047 0.460469 0.005859 0.013177
0 0.499023 0.432650 0.005859 0.010249
0 0.474609 0.433382 0.005859 0.011713
0 0.461914 0.448755 0.005859 0.010249
0 0.454590 0.435578 0.004883 0.010249
0 0.407715 0.466325 0.008789 0.016105
0 0.071289 0.701318 0.027344 0.064422
0 0.212891 0.493411 0.017578 0.029283
0 0.277832 0.508053 0.014648 0.023426
0 0.436523 0.440703 0.005859 0.011713
0 0.443848 0.457540 0.004883 0.010249
0 0.335449 0.440703 0.004883 0.008785
0 0.350586 0.455344 0.005859 0.008785
0 0.320312 0.467789 0.003906 0.007321
0 0.310547 0.448023 0.003906 0.008785
0 0.313477 0.434114 0.003906 0.007321
0 0.305176 0.444363 0.004883 0.010249
0 0.472168 0.448755 0.004883 0.010249
0 0.378418 0.442167 0.004883 0.008785
0 0.379395 0.427526 0.004883 0.005857
0 0.362305 0.426794 0.003906 0.007321
0 0.372559 0.478770 0.004883 0.008785
0 0.367676 0.453148 0.004883 0.010249
0 0.280762 0.441435 0.004883 0.010249
0 0.266602 0.445827 0.005859 0.007321
0 0.269531 0.464861 0.003906 0.007321
0 0.339355 0.449488 0.004883 0.008785
0 0.117188 0.829429 0.029297 0.083455
0 0.659668 0.486823 0.010742 0.027818
0 0.395996 0.436310 0.004883 0.011713