0 0.906738 0.713538 0.024414 0.018313
0 0.909180 0.589601 0.021484 0.013734
0 0.271484 0.804120 0.031250 0.020275
0 0.134277 0.803466 0.024414 0.020275
0 0.368652 0.640942 0.024414 0.018313
0 0.429688 0.532701 0.019531 0.016351
0 0.882812 0.521256 0.019531 0.014388
0 0.919434 0.456181 0.018555 0.013734
0 0.934082 0.397646 0.016602 0.013080
0 0.501465 0.458797 0.020508 0.015043
0 0.592285 0.388162 0.014648 0.012426
0 0.075195 0.445062 0.019531 0.011118
0 0.157227 0.394702 0.015625 0.013734
0 0.233398 0.386854 0.015625 0.011118
0 0.005859 0.284827 0.011719 0.009810
0 0.073730 0.249836 0.014648 0.009156
0 0.063965 0.206671 0.010742 0.007848
0 0.126953 0.204382 0.009766 0.007194
0 0.017090 0.250164 0.012695 0.008502
0 0.272949 0.330935 0.016602 0.010464
0 0.314941 0.278940 0.016602 0.009810
0 0.212891 0.289078 0.009766 0.010464
0 0.276855 0.275016 0.010742 0.009810
0 0.330078 0.283192 0.007812 0.005232
0 0.272949 0.288751 0.008789 0.008502
0 0.385254 0.246239 0.012695 0.009810
0 0.602051 0.327665 0.014648 0.010464
0 0.600098 0.291367 0.014648 0.009810
0 0.664551 0.288751 0.014648 0.008502
0 0.961426 0.207325 0.012695 0.009156
0 0.952637 0.179529 0.012695 0.008502
0 0.916504 0.154676 0.010742 0.008502
0 0.870117 0.157292 0.011719 0.008502
0 0.683105 0.245258 0.012695 0.009156
0 0.705078 0.217135 0.011719 0.006540
0 0.646973 0.221387 0.014648 0.008502
0 0.692383 0.187050 0.011719 0.007848
0 0.435059 0.203728 0.012695 0.008502
0 0.375000 0.210595 0.007812 0.006540
0 0.392090 0.204055 0.006836 0.006540
0 0.427246 0.184761 0.010742 0.007194
0 0.376953 0.187704 0.007812 0.005232
0 0.087891 0.180183 0.009766 0.005886
0 0.120117 0.183780 0.007812 0.005232
0 0.181641 0.150098 0.007812 0.005886
0 0.185059 0.095487 0.008789 0.006540
0 0.413086 0.168411 0.005859 0.003270
0 0.369629 0.170046 0.006836 0.003924
0 0.376953 0.151079 0.005859 0.005232
0 0.399414 0.133421 0.005859 0.005232
0 0.324219 0.117397 0.005859 0.004578
0 0.805664 0.124918 0.007812 0.005232
0 0.757812 0.129169 0.009766 0.005886
0 0.716309 0.110857 0.006836 0.004578
0 0.647461 0.168738 0.007812 0.005232
0 0.618652 0.139307 0.008789 0.005232
0 0.576172 0.144539 0.007812 0.006540
0 0.581543 0.146501 0.004883 0.003924
0 0.673828 0.094833 0.005859 0.003924
0 0.598633 0.076848 0.005859 0.004578
0 0.573730 0.076194 0.006836 0.004578
0 0.543945 0.116089 0.005859 0.004578
0 0.481934 0.071615 0.004883 0.003270
0 0.477051 0.104971 0.006836 0.004578
0 0.445312 0.091890 0.005859 0.004578
0 0.446289 0.081099 0.005859 0.003924
0 0.435059 0.082407 0.006836 0.005232
0 0.368652 0.086331 0.006836 0.005232
0 0.333984 0.105952 0.005859 0.003924
0 0.312500 0.068999 0.003906 0.003270
0 0.329590 0.068999 0.004883 0.004578
0 0.271973 0.053303 0.004883 0.003270
0 0.260254 0.088293 0.006836 0.005232
0 0.271484 0.089928 0.005859 0.005886
0 0.238281 0.054611 0.007812 0.004578
0 0.174316 0.027796 0.004883 0.004578
0 0.093750 0.025834 0.003906 0.003270
0 0.073730 0.028450 0.004883 0.003270
0 0.049805 0.057227 0.005859 0.003270
0 0.020020 0.056246 0.002930 0.003924
0 0.404297 0.043492 0.005859 0.004578