0 0.905273 0.339073 0.009766 0.013245
0 0.932617 0.342384 0.009766 0.017219
0 0.976562 0.432450 0.013672 0.019868
0 0.709473 0.377483 0.010742 0.018543
0 0.686035 0.405960 0.012695 0.019868
0 0.624023 0.413245 0.009766 0.018543
0 0.611816 0.376159 0.010742 0.018543
0 0.567871 0.380132 0.010742 0.015894
0 0.531738 0.393377 0.010742 0.018543
0 0.342773 0.382119 0.011719 0.017219
0 0.215332 0.320530 0.010742 0.013245
0 0.151855 0.343046 0.012695 0.018543
0 0.373047 0.579470 0.017578 0.019868
0 0.277344 0.466887 0.011719 0.017219
0 0.230469 0.305960 0.007812 0.013245
0 0.081055 0.415894 0.011719 0.018543
0 0.030273 0.431788 0.011719 0.018543
0 0.164551 0.737086 0.016602 0.027815
0 0.383789 0.647682 0.019531 0.034437
0 0.327148 0.670861 0.021484 0.035762
0 0.427246 0.493377 0.012695 0.019868
0 0.352539 0.345033 0.007812 0.014570