0 0.842773 0.235026 0.025391 0.042969
0 0.937012 0.195964 0.028320 0.050781
0 0.865723 0.554688 0.034180 0.049479
0 0.771484 0.552083 0.031250 0.046875
0 0.649902 0.547526 0.028320 0.053385
0 0.497559 0.619141 0.030273 0.045573
0 0.472656 0.507161 0.031250 0.042969
0 0.578613 0.520182 0.032227 0.037760
0 0.398926 0.497396 0.024414 0.049479
0 0.281250 0.511068 0.029297 0.053385
0 0.185547 0.507161 0.033203 0.050781
0 0.168457 0.220052 0.030273 0.044271
0 0.262695 0.221354 0.023438 0.052083
0 0.411621 0.296224 0.020508 0.035156
0 0.472168 0.361328 0.028320 0.040365
0 0.632812 0.385417 0.027344 0.036458
0 0.723145 0.328776 0.026367 0.035156
0 0.594238 0.226562 0.022461 0.036458
0 0.651367 0.251953 0.025391 0.037760
0 0.532227 0.236979 0.023438 0.033854