0 0.845703 0.377025 0.072266 0.114875
0 0.745117 0.351988 0.054688 0.091311
0 0.554199 0.473490 0.071289 0.110457
0 0.235840 0.469072 0.075195 0.122239
0 0.046875 0.464654 0.056641 0.104566
0 0.080566 0.429308 0.047852 0.092784
0 0.308594 0.446244 0.054688 0.097202
0 0.471680 0.388807 0.039062 0.064801
0 0.447754 0.377025 0.034180 0.061856
0 0.393066 0.385125 0.028320 0.048601
0 0.118652 0.413844 0.041992 0.070692
0 0.147949 0.358616 0.020508 0.039764
0 0.651855 0.365979 0.040039 0.063328
0 0.670410 0.354197 0.034180 0.072165
0 0.941406 0.418999 0.046875 0.086892
0 0.906738 0.330633 0.026367 0.051546
0 0.940918 0.314433 0.022461 0.045655
0 0.587402 0.324006 0.018555 0.032401
0 0.607422 0.324742 0.013672 0.019146