0 0.187500 0.698718 0.011719 0.032051
0 0.221191 0.703526 0.010742 0.028846
0 0.263184 0.698718 0.010742 0.025641
0 0.305664 0.685096 0.013672 0.027244
0 0.350586 0.682692 0.011719 0.025641
0 0.393555 0.691506 0.013672 0.030449
0 0.464844 0.702724 0.007812 0.030449
0 0.498535 0.689904 0.014648 0.033654
0 0.512695 0.700321 0.011719 0.028846
0 0.622070 0.690705 0.011719 0.035256
0 0.672852 0.680288 0.011719 0.030449
0 0.708984 0.677885 0.013672 0.032051
0 0.750977 0.690705 0.011719 0.035256
0 0.798340 0.694712 0.012695 0.030449
0 0.843262 0.696314 0.014648 0.024038
0 0.889160 0.694712 0.014648 0.030449
0 0.145508 0.825321 0.009766 0.025641
0 0.857910 0.814904 0.010742 0.024038
0 0.910156 0.806891 0.015625 0.036859