0 0.227539 0.331378 0.033203 0.058651
0 0.510742 0.475806 0.021484 0.039589
0 0.590332 0.559384 0.008789 0.013196
0 0.389648 0.577713 0.005859 0.011730
0 0.416016 0.578446 0.005859 0.010264
0 0.657715 0.511730 0.014648 0.032258
0 0.750488 0.521261 0.014648 0.024927
0 0.799316 0.548387 0.008789 0.020528
0 0.869141 0.571848 0.005859 0.014663
0 0.876953 0.573314 0.005859 0.011730
0 0.688477 0.590909 0.005859 0.011730
0 0.703613 0.599707 0.004883 0.008798
0 0.088379 0.611437 0.008789 0.017595
0 0.093750 0.614370 0.007812 0.017595
0 0.996094 0.555718 0.007812 0.014663
0 0.505859 0.467742 0.019531 0.038123