0 0.930176 0.497396 0.028320 0.046875
0 0.983398 0.494141 0.017578 0.029948
0 0.884766 0.519531 0.029297 0.049479
0 0.845215 0.513672 0.038086 0.066406
0 0.812012 0.501953 0.022461 0.040365
0 0.763672 0.533203 0.039062 0.074219
0 0.715820 0.514974 0.033203 0.061198
0 0.714355 0.595052 0.051758 0.075521
0 0.668457 0.537760 0.040039 0.070312
0 0.682617 0.486328 0.027344 0.042969
0 0.645508 0.477214 0.025391 0.042969
0 0.730469 0.392578 0.015625 0.027344
0 0.694336 0.451823 0.023438 0.036458
0 0.648438 0.374349 0.013672 0.024740
0 0.607422 0.500000 0.033203 0.062500
0 0.580566 0.488932 0.022461 0.042969
0 0.557617 0.404948 0.013672 0.023438
0 0.590332 0.653646 0.057617 0.114583
0 0.562012 0.576172 0.049805 0.082031
0 0.516602 0.529948 0.037109 0.070312
0 0.510742 0.469401 0.019531 0.032552
0 0.440430 0.472005 0.019531 0.032552
0 0.396973 0.573568 0.059570 0.105469
0 0.402344 0.487630 0.037109 0.061198
0 0.374023 0.483724 0.019531 0.037760
0 0.367676 0.463542 0.018555 0.033854
0 0.314941 0.559896 0.036133 0.052083
0 0.282715 0.491536 0.026367 0.053385
0 0.280273 0.444661 0.017578 0.027344
0 0.278809 0.744792 0.084961 0.174479
0 0.256348 0.613932 0.045898 0.074219
0 0.241211 0.466146 0.019531 0.044271
0 0.208984 0.469401 0.025391 0.042969
0 0.171387 0.486979 0.032227 0.052083
0 0.154785 0.652344 0.077148 0.143229
0 0.134277 0.575521 0.040039 0.078125
0 0.101562 0.494141 0.027344 0.050781
0 0.040527 0.512370 0.034180 0.069010
0 0.058594 0.447266 0.017578 0.029948
0 0.029297 0.455729 0.015625 0.036458
0 0.081055 0.485026 0.019531 0.032552
0 0.154785 0.484375 0.018555 0.036458
0 0.148926 0.465495 0.016602 0.032552