0 0.560547 0.949219 0.011719 0.018229
0 0.522461 0.943359 0.013672 0.022135
0 0.482422 0.934896 0.011719 0.015625
0 0.412598 0.818359 0.014648 0.027344
0 0.897461 0.511068 0.023438 0.037760
0 0.869141 0.475911 0.015625 0.022135
0 0.521973 0.520182 0.022461 0.037760
0 0.493164 0.488281 0.015625 0.023438
0 0.170410 0.527995 0.022461 0.037760
0 0.144531 0.496094 0.013672 0.023438
0 0.149902 0.446615 0.008789 0.023438
0 0.498535 0.439453 0.008789 0.024740
0 0.872070 0.427734 0.011719 0.032552
0 0.764160 0.635417 0.012695 0.020833