0 0.060059 0.062574 0.049805 0.089392
0 0.103516 0.128725 0.048828 0.076281
0 0.193848 0.154946 0.036133 0.061979
0 0.217773 0.175805 0.029297 0.046484
0 0.400391 0.150775 0.064453 0.113230
0 0.457520 0.172229 0.043945 0.094160
0 0.514160 0.146603 0.047852 0.083433
0 0.583496 0.148987 0.026367 0.042908
0 0.672852 0.215137 0.027344 0.056019
0 0.682129 0.169845 0.030273 0.058403
0 0.711914 0.162098 0.021484 0.033373
0 0.782227 0.128725 0.027344 0.052443
0 0.839844 0.168057 0.025391 0.042908
0 0.858398 0.169845 0.019531 0.041716
0 0.883301 0.158522 0.022461 0.042908
0 0.326660 0.133492 0.026367 0.059595