0 0.920898 0.897738 0.068359 0.074458
0 0.813965 0.823751 0.026367 0.035815
0 0.703613 0.870405 0.034180 0.042413
0 0.812988 0.669180 0.030273 0.033930
0 0.884766 0.546183 0.025391 0.034873
0 0.888184 0.496701 0.026367 0.028275
0 0.523438 0.654571 0.023438 0.032988
0 0.448242 0.195570 0.060547 0.076343
0 0.337891 0.792177 0.039062 0.051838
0 0.322266 0.555137 0.029297 0.028275
0 0.185547 0.597549 0.029297 0.039585
0 0.118652 0.630066 0.028320 0.036758
0 0.074219 0.604147 0.029297 0.037700
0 0.029785 0.626767 0.038086 0.045240
0 0.049316 0.433553 0.024414 0.028275
0 0.376465 0.482092 0.030273 0.034873
0 0.060547 0.712064 0.029297 0.038643
0 0.243164 0.401979 0.027344 0.031103
0 0.247559 0.342601 0.024414 0.031103
0 0.250000 0.300660 0.023438 0.028275
0 0.161621 0.343073 0.026367 0.032045
0 0.124023 0.321866 0.019531 0.029218
0 0.148438 0.282752 0.021484 0.026390
0 0.125488 0.235627 0.024414 0.026390
0 0.148438 0.401508 0.027344 0.033930
0 0.032715 0.259661 0.020508 0.023563
0 0.384277 0.247879 0.026367 0.030160
0 0.339844 0.317154 0.027344 0.036758
0 0.179688 0.308671 0.025391 0.032988
0 0.203613 0.216777 0.032227 0.030160
0 0.300293 0.221960 0.022461 0.031103
0 0.128418 0.159284 0.024414 0.026390
0 0.039062 0.201697 0.021484 0.030160
0 0.201172 0.160226 0.023438 0.032045
0 0.217773 0.286051 0.019531 0.023563
0 0.010254 0.304430 0.020508 0.026390
0 0.777344 0.538643 0.029297 0.034873
0 0.694824 0.511310 0.030273 0.031103
0 0.664062 0.306786 0.025391 0.031103