0 0.929199 0.669587 0.014648 0.022528
0 0.878906 0.662703 0.021484 0.028786
0 0.888184 0.626408 0.016602 0.023780
0 0.946289 0.628285 0.013672 0.020025
0 0.938965 0.615144 0.012695 0.026283
0 0.929199 0.588861 0.014648 0.018773
0 0.967773 0.570088 0.011719 0.021277
0 0.863770 0.641427 0.014648 0.018773
0 0.864258 0.613892 0.009766 0.018773
0 0.848633 0.601377 0.017578 0.026283
0 0.809082 0.631414 0.014648 0.026283
0 0.791016 0.614518 0.015625 0.025031
0 0.806641 0.585732 0.017578 0.025031
0 0.871582 0.548185 0.010742 0.020025
0 0.855469 0.550063 0.011719 0.021277
0 0.839844 0.571339 0.009766 0.016270
0 0.812012 0.523154 0.008789 0.017522
0 0.795410 0.555695 0.012695 0.020025
0 0.770508 0.588861 0.013672 0.021277
0 0.789551 0.501252 0.006836 0.013767
0 0.984375 0.786608 0.013672 0.026283
0 0.958496 0.710263 0.010742 0.018773
0 0.749512 0.704005 0.012695 0.021277
0 0.686523 0.604506 0.011719 0.020025
0 0.758789 0.590738 0.009766 0.020025
0 0.729004 0.590113 0.008789 0.018773
0 0.164062 0.520025 0.009766 0.013767
0 0.022461 0.547559 0.017578 0.023780
0 0.616699 0.443680 0.018555 0.033792
0 0.327148 0.230288 0.019531 0.032541
0 0.789551 0.658323 0.006836 0.027534
0 0.834473 0.592616 0.010742 0.018773