0 0.952637 0.554173 0.075195 0.144949
0 0.916504 0.614202 0.040039 0.109810
0 0.793945 0.585652 0.068359 0.102489
0 0.875000 0.430454 0.039062 0.079063
0 0.760254 0.440703 0.051758 0.093704
0 0.833496 0.381406 0.020508 0.042460
0 0.733887 0.396047 0.018555 0.036603
0 0.728027 0.357980 0.012695 0.019034
0 0.931152 0.331625 0.006836 0.013177
0 0.920410 0.496340 0.043945 0.108346
0 0.655273 0.496340 0.046875 0.114202
0 0.616211 0.452416 0.048828 0.102489
0 0.559082 0.544656 0.047852 0.087848
0 0.557617 0.468521 0.042969 0.067350
0 0.498535 0.622987 0.051758 0.095168
0 0.528320 0.467789 0.027344 0.071742
0 0.500977 0.460469 0.031250 0.068814
0 0.454102 0.478038 0.046875 0.092240
0 0.503906 0.364568 0.013672 0.026354
0 0.407715 0.546120 0.036133 0.076135
0 0.354004 0.514641 0.049805 0.098097
0 0.335938 0.450220 0.035156 0.074671
0 0.368652 0.399707 0.028320 0.052709
0 0.429688 0.427526 0.015625 0.049780
0 0.286133 0.453880 0.042969 0.081991
0 0.216797 0.502196 0.052734 0.087848
0 0.173828 0.475110 0.037109 0.074671
0 0.075195 0.537335 0.058594 0.099561
0 0.124512 0.500000 0.036133 0.062958
0 0.209473 0.398243 0.032227 0.052709
0 0.089355 0.361640 0.032227 0.040996
0 0.048340 0.450220 0.045898 0.086384
0 0.034668 0.656662 0.067383 0.130307
0 0.153809 0.368960 0.012695 0.020498
0 0.185547 0.347731 0.011719 0.021962
0 0.119629 0.382870 0.012695 0.024890
0 0.408691 0.367496 0.014648 0.035139
0 0.546875 0.363836 0.009766 0.016105
0 0.554199 0.341142 0.008789 0.014641
0 0.520020 0.359444 0.008789 0.013177
0 0.534668 0.352855 0.008789 0.014641
0 0.537109 0.333821 0.009766 0.014641
0 0.548340 0.398975 0.010742 0.021962
0 0.524902 0.380673 0.008789 0.014641
0 0.438477 0.360908 0.011719 0.019034
0 0.563477 0.368960 0.011719 0.017570
0 0.907227 0.801611 0.048828 0.139092