0 0.132324 0.271386 0.063477 0.109145
0 0.205078 0.254425 0.056641 0.107670
0 0.739746 0.412242 0.034180 0.057522
0 0.698242 0.189528 0.023438 0.039823
0 0.794922 0.139381 0.015625 0.033923
0 0.898926 0.160767 0.018555 0.029499
0 0.925781 0.126844 0.023438 0.041298
0 0.889648 0.125369 0.013672 0.032448
0 0.995605 0.127581 0.008789 0.016224
0 0.817871 0.149705 0.006836 0.016224
0 0.766113 0.143068 0.008789 0.029499
0 0.576660 0.174779 0.008789 0.025074
0 0.627930 0.176254 0.011719 0.019174
0 0.492188 0.207965 0.011719 0.020649
0 0.324707 0.231563 0.008789 0.017699
0 0.332520 0.249263 0.008789 0.017699