0 0.093750 0.415430 0.033203 0.056380
0 0.184082 0.377596 0.036133 0.057864
0 0.284668 0.416914 0.036133 0.086053
0 0.029297 0.451780 0.025391 0.063798
0 0.382324 0.393175 0.030273 0.056380
0 0.408691 0.405045 0.020508 0.062315
0 0.515137 0.367211 0.032227 0.063798
0 0.556641 0.433976 0.021484 0.037092
0 0.629883 0.399852 0.031250 0.051929
0 0.682617 0.410237 0.027344 0.060831
0 0.731445 0.432493 0.027344 0.054896
0 0.750488 0.471810 0.022461 0.053412
0 0.800781 0.431751 0.025391 0.053412
0 0.866699 0.462908 0.030273 0.050445
0 0.900879 0.433234 0.026367 0.056380
0 0.990234 0.444362 0.019531 0.063798
0 0.761719 0.445104 0.021484 0.032641
0 0.064941 0.404303 0.024414 0.048961