0 0.074707 0.135447 0.012695 0.034582
0 0.107422 0.130403 0.029297 0.053314
0 0.150391 0.125360 0.031250 0.046110
0 0.101074 0.391931 0.055664 0.097983
0 0.149902 0.390490 0.034180 0.080692
0 0.210938 0.400576 0.068359 0.092219
0 0.307617 0.358069 0.042969 0.087896
0 0.386719 0.337896 0.056641 0.108069
0 0.498535 0.302594 0.040039 0.063401
0 0.580566 0.380403 0.069336 0.144092
0 0.338379 0.138329 0.028320 0.048991
0 0.483887 0.133285 0.024414 0.030259
0 0.559082 0.120317 0.026367 0.053314
0 0.642090 0.102305 0.022461 0.037464
0 0.605957 0.120317 0.020508 0.038905
0 0.370605 0.159222 0.022461 0.041787
0 0.028809 0.426513 0.047852 0.092219
0 0.052246 0.631124 0.102539 0.391931
0 0.011719 0.138329 0.023438 0.066282
0 0.685059 0.335014 0.045898 0.090778
0 0.731934 0.084294 0.026367 0.053314
0 0.797852 0.105908 0.021484 0.053314
0 0.859375 0.324928 0.042969 0.085014
0 0.887207 0.271614 0.028320 0.050432
0 0.948242 0.298271 0.042969 0.069164
0 0.948730 0.092939 0.022461 0.044669
0 0.983398 0.090058 0.023438 0.044669
0 0.759766 0.311239 0.029297 0.072046