0 0.975098 0.462240 0.018555 0.031250
0 0.878906 0.480469 0.013672 0.020833
0 0.783203 0.478516 0.015625 0.022135
0 0.760742 0.465495 0.013672 0.024740
0 0.695312 0.475911 0.013672 0.022135
0 0.571289 0.399089 0.031250 0.050781
0 0.637207 0.399740 0.014648 0.023438
0 0.455078 0.403646 0.011719 0.023438
0 0.484375 0.470052 0.015625 0.026042
0 0.391113 0.464193 0.014648 0.024740
0 0.337891 0.466797 0.013672 0.022135
0 0.278809 0.476562 0.012695 0.026042
0 0.228027 0.481771 0.014648 0.020833
0 0.189453 0.484375 0.015625 0.026042
0 0.128906 0.468750 0.015625 0.023438
0 0.166992 0.425130 0.013672 0.022135
0 0.102051 0.471354 0.010742 0.020833
0 0.055176 0.464844 0.016602 0.026042
0 0.725098 0.486979 0.012695 0.023438