0 0.169922 0.614323 0.025391 0.038108
0 0.125000 0.555848 0.013672 0.023653
0 0.229004 0.570959 0.012695 0.017083
0 0.294434 0.611038 0.006836 0.013141
0 0.348145 0.572273 0.008789 0.014455
0 0.339355 0.517083 0.004883 0.006570
0 0.379395 0.528252 0.002930 0.007884
0 0.675293 0.557162 0.028320 0.047306
0 0.642578 0.573587 0.015625 0.019711
0 0.594727 0.609067 0.005859 0.009198
0 0.562012 0.547963 0.010742 0.028909
0 0.550781 0.636005 0.023438 0.044678
0 0.399414 0.469120 0.003906 0.007884
0 0.480469 0.591984 0.003906 0.009198
0 0.735840 0.599869 0.022461 0.040736
0 0.982422 0.609724 0.007812 0.013141
0 0.967773 0.587385 0.007812 0.013141
0 0.983887 0.591984 0.006836 0.009198
0 0.996582 0.597898 0.004883 0.007884