0 0.063477 0.707906 0.009766 0.019034
0 0.640137 0.263543 0.012695 0.026354
0 0.083008 0.689605 0.011719 0.023426
0 0.073730 0.576135 0.008789 0.021962
0 0.113770 0.582723 0.008789 0.020498
0 0.141602 0.638360 0.007812 0.017570
0 0.123535 0.695461 0.014648 0.026354
0 0.108887 0.693265 0.014648 0.021962
0 0.170898 0.729868 0.007812 0.016105
0 0.242676 0.696193 0.010742 0.019034
0 0.220215 0.718155 0.004883 0.019034
0 0.206055 0.601025 0.009766 0.019034
0 0.256348 0.591508 0.006836 0.011713
0 0.306641 0.600293 0.007812 0.014641
0 0.287598 0.701318 0.008789 0.014641
0 0.307129 0.720351 0.008789 0.017570
0 0.318359 0.707906 0.007812 0.016105
0 0.180664 0.587116 0.007812 0.014641
0 0.007324 0.735725 0.008789 0.019034
0 0.221680 0.579063 0.007812 0.016105
0 0.036133 0.707174 0.011719 0.023426
0 0.020996 0.502928 0.006836 0.016105
0 0.083008 0.549780 0.009766 0.021962
0 0.277344 0.602489 0.009766 0.019034