0 0.054688 0.073939 0.066406 0.124451
0 0.065918 0.262811 0.065430 0.147877
0 0.177734 0.122255 0.062500 0.115666
0 0.254883 0.141288 0.062500 0.133236
0 0.143066 0.454612 0.073242 0.130307
0 0.262695 0.308931 0.078125 0.137628
0 0.423828 0.210102 0.068359 0.121523
0 0.467773 0.380673 0.076172 0.140556
0 0.625000 0.433382 0.072266 0.137628
0 0.557617 0.251830 0.070312 0.105417
0 0.454102 0.043924 0.076172 0.087848
0 0.539062 0.058565 0.062500 0.117130
0 0.684570 0.102489 0.068359 0.122987
0 0.771484 0.129575 0.070312 0.118594
0 0.743652 0.300146 0.067383 0.125915
0 0.905762 0.174963 0.065430 0.121523
0 0.889648 0.067350 0.056641 0.117130
0 0.986328 0.052709 0.027344 0.105417
0 0.976562 0.306735 0.046875 0.156662