0 0.048340 0.450952 0.065430 0.140556
0 0.233398 0.388726 0.027344 0.045388
0 0.325684 0.450952 0.036133 0.076135
0 0.379395 0.368228 0.049805 0.077599
0 0.435059 0.366764 0.059570 0.103953
0 0.508789 0.285505 0.070312 0.155198
0 0.834961 0.485359 0.066406 0.136164
0 0.832031 0.341874 0.052734 0.080527
0 0.762207 0.277452 0.045898 0.092240
0 0.888672 0.362372 0.046875 0.086384
0 0.982422 0.322108 0.035156 0.128843
0 0.824707 0.278184 0.049805 0.087848
0 0.880371 0.764275 0.036133 0.049780
0 0.018066 0.357980 0.030273 0.068814