0 0.030273 0.305052 0.060547 0.148964
0 0.061523 0.375648 0.044922 0.056995
0 0.087891 0.327720 0.031250 0.044041
0 0.176758 0.361399 0.074219 0.124352
0 0.245117 0.358161 0.033203 0.068653
0 0.268555 0.344560 0.023438 0.041451
0 0.298340 0.355570 0.020508 0.032383
0 0.318848 0.378886 0.016602 0.024611
0 0.242188 0.306347 0.019531 0.032383
0 0.362793 0.313472 0.010742 0.018135
0 0.414551 0.308290 0.094727 0.139896
0 0.698730 0.355570 0.081055 0.130829
0 0.809082 0.238990 0.209961 0.384715
0 0.370605 0.385363 0.016602 0.019430