0 0.124023 0.441840 0.029297 0.057292
0 0.150391 0.405382 0.015625 0.039931
0 0.032227 0.347222 0.027344 0.059028
0 0.049316 0.300347 0.012695 0.031250
0 0.037598 0.193576 0.010742 0.022569
0 0.016602 0.144097 0.015625 0.031250
0 0.004395 0.189236 0.008789 0.052083
0 0.068848 0.121528 0.016602 0.031250
0 0.027832 0.105903 0.012695 0.027778
0 0.045410 0.009549 0.016602 0.019097
0 0.030273 0.025174 0.007812 0.019097
0 0.109863 0.011285 0.014648 0.022569
0 0.125977 0.034722 0.009766 0.031250
0 0.084473 0.071181 0.006836 0.017361
0 0.109375 0.044271 0.007812 0.012153
0 0.102539 0.050347 0.005859 0.010417
0 0.321777 0.431424 0.026367 0.053819
0 0.386230 0.403646 0.022461 0.057292
0 0.496582 0.384549 0.024414 0.050347
0 0.542480 0.434028 0.030273 0.055556
0 0.562500 0.375868 0.023438 0.050347
0 0.447266 0.295139 0.019531 0.045139
0 0.511719 0.243056 0.017578 0.048611
0 0.430664 0.181424 0.017578 0.036458
0 0.502441 0.172743 0.020508 0.036458
0 0.476562 0.182292 0.009766 0.020833
0 0.353027 0.151042 0.008789 0.031250
0 0.379883 0.160590 0.005859 0.019097
0 0.649414 0.453125 0.027344 0.055556
0 0.717285 0.401910 0.026367 0.060764
0 0.698242 0.368924 0.025391 0.053819
0 0.639160 0.355035 0.026367 0.050347
0 0.590332 0.261285 0.022461 0.053819
0 0.710938 0.304688 0.023438 0.050347
0 0.767578 0.330729 0.019531 0.046875
0 0.807617 0.341146 0.021484 0.050347
0 0.810547 0.271701 0.019531 0.043403
0 0.749023 0.226562 0.019531 0.039931
0 0.696289 0.222222 0.013672 0.038194
0 0.891602 0.292535 0.023438 0.057292
0 0.880371 0.281250 0.026367 0.052083
0 0.804199 0.164931 0.024414 0.052083
0 0.845215 0.194444 0.022461 0.038194
0 0.975586 0.192708 0.017578 0.048611
0 0.917480 0.190972 0.014648 0.041667
0 0.834961 0.151042 0.017578 0.031250
0 0.966797 0.156250 0.013672 0.034722
0 0.971191 0.111979 0.018555 0.029514
0 0.996582 0.111979 0.006836 0.029514
0 0.996582 0.059896 0.006836 0.026042
0 0.994629 0.091146 0.008789 0.015625
0 0.960938 0.048611 0.017578 0.041667
0 0.986328 0.053819 0.005859 0.013889