0 0.227051 0.593206 0.032227 0.060976
0 0.164551 0.566202 0.018555 0.038328
0 0.022461 0.552265 0.021484 0.038328
0 0.250488 0.514808 0.020508 0.040070
0 0.401855 0.550523 0.014648 0.038328
0 0.432129 0.545296 0.026367 0.066202
0 0.469727 0.520906 0.021484 0.041812
0 0.551270 0.552265 0.016602 0.041812
0 0.629395 0.536585 0.024414 0.062718
0 0.775391 0.564460 0.013672 0.031359
0 0.798828 0.536585 0.011719 0.027875
0 0.834473 0.540941 0.028320 0.060976
0 0.963867 0.566202 0.011719 0.027875
0 0.977539 0.567944 0.005859 0.013937