0 0.012695 0.427443 0.005859 0.005747
0 0.316406 0.448635 0.015625 0.017960
0 0.500000 0.456178 0.011719 0.012931
0 0.407227 0.440733 0.009766 0.009339
0 0.523926 0.447557 0.010742 0.012931
0 0.614746 0.441451 0.008789 0.010776
0 0.752441 0.461207 0.004883 0.005747
0 0.882324 0.458693 0.012695 0.010776
0 0.402832 0.459411 0.010742 0.010776
0 0.078613 0.439296 0.024414 0.036638
0 0.148438 0.418463 0.017578 0.035201
0 0.289062 0.451149 0.017578 0.025862
0 0.543945 0.452227 0.009766 0.012213
0 0.440918 0.466595 0.012695 0.020833
0 0.576660 0.445761 0.010742 0.013649
0 0.388184 0.460848 0.012695 0.019397