0 0.369629 0.031738 0.051758 0.055664
0 0.250488 0.110840 0.057617 0.069336
0 0.167969 0.105957 0.050781 0.061523
0 0.183594 0.221680 0.066406 0.072266
0 0.344238 0.205078 0.061523 0.062500
0 0.430664 0.130371 0.060547 0.098633
0 0.582031 0.143066 0.056641 0.069336
0 0.705078 0.080078 0.054688 0.056641
0 0.737305 0.128906 0.044922 0.050781
0 0.807617 0.141602 0.054688 0.068359
0 0.793457 0.225586 0.061523 0.074219
0 0.641602 0.219238 0.056641 0.067383
0 0.523438 0.312500 0.054688 0.083984
0 0.633301 0.351562 0.061523 0.099609
0 0.750488 0.467773 0.067383 0.078125
0 0.321777 0.333984 0.055664 0.064453
0 0.430664 0.388184 0.072266 0.083008
0 0.166992 0.527344 0.050781 0.085938
0 0.583984 0.838379 0.031250 0.116211
0 0.468750 0.193848 0.056641 0.065430