0 0.054688 0.465495 0.037109 0.063802
0 0.135742 0.442057 0.041016 0.061198
0 0.222168 0.450521 0.041992 0.067708
0 0.344238 0.408854 0.036133 0.062500
0 0.382324 0.393229 0.041992 0.078125
0 0.546875 0.337891 0.044922 0.082031
0 0.716797 0.368490 0.056641 0.080729
0 0.862305 0.393229 0.054688 0.085938
0 0.794434 0.354818 0.030273 0.053385
0 0.797363 0.419271 0.026367 0.059896
0 0.677246 0.377604 0.038086 0.062500
0 0.632324 0.311849 0.026367 0.035156
0 0.507812 0.367188 0.009766 0.015625
0 0.476074 0.354818 0.034180 0.042969
0 0.298340 0.412109 0.022461 0.037760