0 0.058594 0.322049 0.027344 0.053819
0 0.164551 0.333333 0.016602 0.038194
0 0.187012 0.310764 0.016602 0.041667
0 0.179688 0.317708 0.011719 0.041667
0 0.205078 0.280382 0.019531 0.046875
0 0.288574 0.243056 0.020508 0.048611
0 0.316895 0.272569 0.032227 0.069444
0 0.242188 0.279514 0.011719 0.034722
0 0.377441 0.215278 0.030273 0.076389
0 0.456055 0.131076 0.074219 0.144097
0 0.552734 0.092882 0.041016 0.102431
0 0.381348 0.410590 0.041992 0.112847
0 0.442383 0.404514 0.058594 0.125000
0 0.777832 0.139757 0.059570 0.178819
0 0.976562 0.109375 0.046875 0.118056