0 0.122559 0.662760 0.004883 0.005208
0 0.049805 0.619141 0.003906 0.003906
0 0.049316 0.676432 0.002930 0.003906
0 0.044434 0.671875 0.002930 0.002604
0 0.168945 0.650391 0.003906 0.006510
0 0.133301 0.731771 0.008789 0.013021
0 0.102539 0.723958 0.009766 0.018229
0 0.105469 0.691406 0.005859 0.010417
0 0.048828 0.668620 0.003906 0.003906
0 0.027344 0.710938 0.007812 0.010417
0 0.026855 0.660807 0.004883 0.009115
0 0.149902 0.647786 0.002930 0.006510
0 0.128418 0.768880 0.012695 0.019531
0 0.147461 0.746745 0.007812 0.014323
0 0.158691 0.759115 0.010742 0.015625
0 0.151855 0.783854 0.014648 0.023438
0 0.214844 0.773438 0.011719 0.023438
0 0.256836 0.820312 0.009766 0.018229
0 0.156250 0.849609 0.015625 0.022135
0 0.198730 0.884115 0.010742 0.028646
0 0.019043 0.800130 0.006836 0.019531
0 0.186035 0.841797 0.006836 0.014323
0 0.020508 0.763672 0.005859 0.014323
0 0.328613 0.916016 0.022461 0.037760
0 0.275879 0.842448 0.018555 0.026042
0 0.336426 0.835938 0.016602 0.028646
0 0.145508 0.960286 0.013672 0.032552
0 0.208984 0.859375 0.007812 0.023438
0 0.303711 0.980469 0.029297 0.033854
0 0.353516 0.801432 0.009766 0.016927
0 0.019043 0.974609 0.006836 0.024740
0 0.284668 0.669922 0.004883 0.009115
0 0.210938 0.670573 0.005859 0.007812
0 0.231445 0.697917 0.003906 0.007812
0 0.292969 0.667318 0.005859 0.009115
0 0.359863 0.746745 0.008789 0.014323
0 0.294922 0.727214 0.007812 0.009115
0 0.255859 0.715495 0.007812 0.011719
0 0.272461 0.712891 0.003906 0.009115
0 0.199219 0.722656 0.009766 0.013021
0 0.330566 0.685547 0.008789 0.011719
0 0.286621 0.705078 0.010742 0.011719
0 0.415039 0.675781 0.007812 0.013021
0 0.457520 0.680990 0.008789 0.010417
0 0.339355 0.664062 0.004883 0.005208
0 0.332031 0.665365 0.007812 0.005208
0 0.428711 0.703125 0.003906 0.013021
0 0.339355 0.708333 0.004883 0.010417
0 0.361816 0.672526 0.004883 0.009115
0 0.370117 0.671224 0.005859 0.006510
0 0.391602 0.672526 0.003906 0.003906
0 0.418457 0.972656 0.034180 0.052083
0 0.676270 0.947917 0.024414 0.031250
0 0.551270 0.794271 0.006836 0.013021
0 0.494629 0.765625 0.008789 0.013021
0 0.406738 0.751302 0.008789 0.010417
0 0.432129 0.743490 0.010742 0.015625
0 0.496094 0.744792 0.003906 0.013021
0 0.375000 0.876953 0.015625 0.022135
0 0.515625 0.891276 0.011719 0.022135
0 0.536133 0.692057 0.005859 0.009115
0 0.618164 0.777995 0.009766 0.022135
0 0.604980 0.740234 0.006836 0.011719
0 0.511230 0.661458 0.010742 0.013021
0 0.537109 0.673828 0.003906 0.006510
0 0.590332 0.696615 0.004883 0.007812
0 0.613770 0.694010 0.004883 0.007812
0 0.466309 0.649089 0.002930 0.003906
0 0.483398 0.652995 0.003906 0.006510
0 0.479004 0.728516 0.010742 0.014323
0 0.466309 0.703776 0.008789 0.014323
0 0.659668 0.817057 0.010742 0.016927
0 0.726074 0.828776 0.016602 0.019531
0 0.579102 0.826172 0.005859 0.016927
0 0.749023 0.819010 0.011719 0.018229
0 0.747070 0.613281 0.007812 0.013021
0 0.870605 0.757161 0.010742 0.016927
0 0.777832 0.806641 0.014648 0.019531
0 0.800293 0.827474 0.006836 0.016927
0 0.785156 0.898438 0.019531 0.028646
0 0.860352 0.891276 0.007812 0.022135
0 0.908691 0.953125 0.024414 0.033854
0 0.895996 0.831380 0.014648 0.022135
0 0.770996 0.778646 0.012695 0.023438
0 0.683594 0.710286 0.005859 0.011719
0 0.776367 0.717448 0.007812 0.010417
0 0.835449 0.718099 0.006836 0.011719
0 0.820312 0.723307 0.005859 0.011719
0 0.738281 0.752604 0.003906 0.013021
0 0.909180 0.686849 0.007812 0.011719
0 0.964355 0.807943 0.012695 0.019531
0 0.928711 0.778646 0.011719 0.018229
0 0.977051 0.772786 0.004883 0.014323
0 0.982910 0.811849 0.012695 0.016927
0 0.995605 0.733724 0.006836 0.011719
0 0.828125 0.681641 0.005859 0.009115
0 0.804688 0.671875 0.005859 0.007812
0 0.865234 0.641927 0.003906 0.005208
0 0.873535 0.642578 0.004883 0.003906
0 0.965332 0.662109 0.004883 0.006510
0 0.849121 0.643229 0.006836 0.007812
0 0.816406 0.658854 0.005859 0.005208
0 0.955078 0.636068 0.003906 0.006510
0 0.861816 0.667969 0.004883 0.005208
0 0.932617 0.636068 0.003906 0.006510
0 0.940430 0.634115 0.003906 0.005208
0 0.847168 0.636068 0.002930 0.003906
0 0.849121 0.633464 0.002930 0.003906
0 0.879395 0.634115 0.002930 0.005208
0 0.883301 0.630859 0.002930 0.003906
0 0.915527 0.656250 0.004883 0.007812
0 0.817871 0.650391 0.004883 0.003906
0 0.802246 0.685547 0.006836 0.009115
0 0.790527 0.672526 0.004883 0.006510
0 0.793457 0.658854 0.004883 0.005208
0 0.798340 0.662109 0.002930 0.003906
0 0.884766 0.646484 0.005859 0.011719
0 0.895508 0.630859 0.005859 0.009115
0 0.959961 0.632161 0.001953 0.003906
0 0.861816 0.687500 0.004883 0.007812
0 0.920410 0.661458 0.004883 0.007812
0 0.940430 0.657552 0.003906 0.005208
0 0.853027 0.637370 0.002930 0.003906
0 0.606445 0.988932 0.019531 0.019531
0 0.731934 0.991536 0.006836 0.014323
0 0.076660 0.750651 0.008789 0.014323
0 0.304199 0.676432 0.004883 0.009115
0 0.909668 0.671224 0.004883 0.006510
0 0.874023 0.663411 0.003906 0.003906
0 0.837402 0.656250 0.004883 0.007812
0 0.800781 0.629557 0.003906 0.006510
0 0.926270 0.643880 0.004883 0.006510
0 0.940918 0.643229 0.004883 0.007812
0 0.985840 0.644531 0.004883 0.007812
0 0.895020 0.653646 0.008789 0.010417
0 0.901367 0.652344 0.003906 0.007812
0 0.834961 0.626953 0.003906 0.006510
0 0.856445 0.623047 0.003906 0.006510
0 0.871582 0.630208 0.004883 0.005208
0 0.866211 0.635417 0.003906 0.005208
0 0.822266 0.674479 0.005859 0.007812
0 0.825684 0.658203 0.002930 0.006510
0 0.812012 0.641927 0.002930 0.005208
0 0.901855 0.631510 0.002930 0.005208
0 0.533203 0.650391 0.005859 0.011719
0 0.460938 0.666667 0.003906 0.007812
0 0.433594 0.667318 0.005859 0.011719
0 0.492188 0.675781 0.005859 0.007812
0 0.473633 0.664062 0.005859 0.007812
0 0.476562 0.645182 0.005859 0.009115
0 0.501465 0.636068 0.004883 0.009115
0 0.523438 0.647135 0.005859 0.013021
0 0.400391 0.683594 0.005859 0.013021
0 0.614258 0.704427 0.003906 0.007812
0 0.622559 0.690104 0.004883 0.005208
0 0.535156 0.634115 0.003906 0.007812
0 0.541992 0.633464 0.003906 0.006510
0 0.497070 0.635417 0.003906 0.010417
0 0.396484 0.660156 0.007812 0.007812
0 0.348145 0.663411 0.004883 0.006510
0 0.491699 0.653646 0.002930 0.005208
0 0.354980 0.677083 0.002930 0.007812
0 0.369141 0.658854 0.005859 0.007812
0 0.328125 0.667969 0.009766 0.015625
0 0.328613 0.655599 0.004883 0.006510
0 0.132812 0.672526 0.003906 0.006510
0 0.166016 0.665365 0.005859 0.007812
0 0.137695 0.660156 0.005859 0.010417
0 0.133301 0.687500 0.006836 0.010417
0 0.131836 0.654297 0.003906 0.009115
0 0.107422 0.647786 0.005859 0.006510
0 0.081055 0.649740 0.003906 0.005208
0 0.177246 0.667969 0.004883 0.007812
0 0.161133 0.651042 0.005859 0.007812
0 0.175293 0.645182 0.004883 0.006510
0 0.145508 0.636719 0.005859 0.010417
0 0.075684 0.679036 0.004883 0.006510
0 0.031250 0.606771 0.003906 0.005208
0 0.044434 0.624349 0.004883 0.009115
0 0.031738 0.645182 0.006836 0.011719
0 0.039062 0.665365 0.005859 0.007812
0 0.023926 0.643880 0.006836 0.011719
0 0.022461 0.660156 0.003906 0.010417
0 0.058594 0.684896 0.009766 0.018229
0 0.150391 0.627604 0.005859 0.007812
0 0.833008 0.763021 0.007812 0.015625
0 0.791992 0.643229 0.007812 0.013021
0 0.870605 0.741536 0.008789 0.014323
0 0.664551 0.621745 0.006836 0.014323
0 0.595215 0.662760 0.004883 0.010417
0 0.360352 0.705729 0.005859 0.010417
0 0.208984 0.648438 0.007812 0.013021
0 0.192871 0.660156 0.008789 0.010417
0 0.218750 0.743490 0.007812 0.015625
0 0.105957 0.824219 0.008789 0.018229
0 0.234375 0.822917 0.011719 0.020833
0 0.319824 0.760417 0.010742 0.018229
0 0.329102 0.775391 0.011719 0.016927