0 0.941406 0.264184 0.017578 0.035461
0 0.926270 0.257979 0.012695 0.023050
0 0.880859 0.288121 0.015625 0.033688
0 0.849121 0.147163 0.010742 0.028369
0 0.869141 0.414894 0.035156 0.063830
0 0.704102 0.113475 0.015625 0.031915
0 0.636230 0.087766 0.014648 0.030142
0 0.579102 0.124113 0.015625 0.031915
0 0.720703 0.481383 0.117188 0.306738
0 0.613281 0.438830 0.050781 0.104610
0 0.538086 0.390071 0.013672 0.039007
0 0.495605 0.438830 0.022461 0.065603
0 0.371094 0.321809 0.076172 0.168440
0 0.327637 0.395390 0.032227 0.060284
0 0.280273 0.440603 0.037109 0.093972
0 0.119141 0.391844 0.060547 0.117021
0 0.526855 0.145390 0.014648 0.024823