0 0.551758 0.447266 0.083984 0.128906
0 0.587891 0.440104 0.054688 0.088542
0 0.442871 0.449219 0.045898 0.067708
0 0.671875 0.416667 0.031250 0.057292
0 0.745117 0.406250 0.029297 0.046875
0 0.358887 0.518229 0.049805 0.070312
0 0.530762 0.587240 0.036133 0.127604
0 0.209473 0.729167 0.090820 0.148438
0 0.289062 0.445964 0.035156 0.061198
0 0.244141 0.481120 0.072266 0.110677
0 0.126953 0.447917 0.044922 0.059896
0 0.853027 0.481771 0.086914 0.109375
0 0.426758 0.819661 0.074219 0.188802
0 0.029297 0.840495 0.058594 0.175781
0 0.054688 0.442708 0.056641 0.093750
0 0.420410 0.417318 0.020508 0.035156
0 0.620117 0.395833 0.017578 0.031250