0 0.021973 0.211435 0.022461 0.028047
0 0.032227 0.249191 0.025391 0.036677
0 0.084473 0.229234 0.020508 0.026969
0 0.092773 0.256203 0.015625 0.024811
0 0.129395 0.240561 0.018555 0.030205
0 0.168945 0.260518 0.023438 0.033441
0 0.155273 0.278317 0.017578 0.030205
0 0.123535 0.281014 0.020508 0.039914
0 0.106445 0.328479 0.025391 0.026969
0 0.013184 0.306904 0.022461 0.044229
0 0.054688 0.327940 0.023438 0.038835
0 0.076660 0.342503 0.014648 0.033441
0 0.064941 0.377023 0.022461 0.033441
0 0.195801 0.373786 0.026367 0.044229
0 0.164062 0.339806 0.019531 0.049622
0 0.195801 0.281553 0.010742 0.017260
0 0.232422 0.290183 0.015625 0.034520
0 0.256836 0.269687 0.021484 0.038835
0 0.288086 0.283172 0.025391 0.035599
0 0.270508 0.251348 0.017578 0.025890
0 0.306641 0.331715 0.023438 0.039914
0 0.290039 0.361381 0.025391 0.040992
0 0.227051 0.437433 0.049805 0.065804
0 0.350586 0.273463 0.015625 0.033441
0 0.393066 0.327400 0.030273 0.067961
0 0.504883 0.393204 0.048828 0.059331
0 0.918457 0.424488 0.045898 0.061489
0 0.420410 0.287487 0.012695 0.018339
0 0.983398 0.408846 0.011719 0.023732
0 0.858887 0.380798 0.028320 0.056095
0 0.006836 0.361381 0.011719 0.043150
0 0.402344 0.368393 0.015625 0.035599
0 0.457031 0.299353 0.019531 0.020496