0 0.097168 0.519795 0.008789 0.016129
0 0.122559 0.525660 0.012695 0.021994
0 0.160645 0.516129 0.012695 0.020528
0 0.180176 0.535924 0.010742 0.019062
0 0.200195 0.539589 0.009766 0.017595
0 0.219727 0.522727 0.011719 0.019062
0 0.244629 0.541789 0.012695 0.019062
0 0.261230 0.534457 0.010742 0.016129
0 0.275879 0.532991 0.008789 0.016129
0 0.360352 0.508798 0.013672 0.020528
0 0.316895 0.513930 0.008789 0.013196
0 0.379883 0.520528 0.011719 0.017595
0 0.489746 0.520528 0.016602 0.023460
0 0.601562 0.510264 0.009766 0.014663
0 0.618164 0.520528 0.011719 0.017595
0 0.630859 0.535924 0.013672 0.019062
0 0.700195 0.506598 0.009766 0.016129
0 0.766602 0.537390 0.011719 0.016129
0 0.854004 0.538856 0.010742 0.021994
0 0.875977 0.519795 0.013672 0.019062
0 0.926270 0.516129 0.008789 0.017595
0 0.910156 0.519795 0.007812 0.013196