0 0.209473 0.392070 0.022461 0.038179
0 0.298340 0.372981 0.028320 0.049927
0 0.072266 0.410426 0.019531 0.024963
0 0.740234 0.401615 0.009766 0.019090
0 0.767090 0.402349 0.006836 0.011747
0 0.797363 0.422907 0.008789 0.014684
0 0.796875 0.400881 0.007812 0.011747
0 0.791504 0.396476 0.006836 0.011747
0 0.814941 0.400881 0.008789 0.014684
0 0.846680 0.436123 0.007812 0.011747
0 0.860840 0.406021 0.008789 0.013216
0 0.881348 0.400881 0.006836 0.017621
0 0.907227 0.454479 0.007812 0.013216
0 0.907227 0.407489 0.007812 0.016153
0 0.927246 0.417034 0.006836 0.014684
0 0.988281 0.385463 0.009766 0.019090
0 0.961426 0.409692 0.010742 0.020558