0 0.123535 0.690789 0.026367 0.045322
0 0.204590 0.699561 0.026367 0.045322
0 0.131348 0.597222 0.024414 0.042398
0 0.221191 0.581140 0.022461 0.039474
0 0.284668 0.591374 0.024414 0.042398
0 0.330566 0.534357 0.020508 0.036550
0 0.379395 0.704678 0.026367 0.040936
0 0.266113 0.727339 0.024414 0.036550
0 0.264160 0.834064 0.022461 0.039474
0 0.165527 0.505848 0.018555 0.035088
0 0.111816 0.544591 0.026367 0.042398
0 0.221680 0.466374 0.021484 0.038012
0 0.179199 0.417398 0.018555 0.033626
0 0.239258 0.386696 0.017578 0.027778
0 0.105957 0.289474 0.014648 0.026316
0 0.127930 0.261696 0.017578 0.029240
0 0.132324 0.204678 0.010742 0.026316
0 0.054199 0.187865 0.016602 0.027778
0 0.032715 0.189327 0.010742 0.021930
0 0.052246 0.255117 0.016602 0.027778
0 0.025879 0.302632 0.016602 0.032164
0 0.012695 0.259503 0.013672 0.027778
0 0.109863 0.172515 0.012695 0.026316
0 0.133301 0.404971 0.016602 0.029240
0 0.820312 0.735380 0.027344 0.043860
0 0.885742 0.813596 0.019531 0.030702
0 0.732422 0.774854 0.029297 0.043860
0 0.719727 0.737573 0.021484 0.033626
0 0.668457 0.627193 0.022461 0.040936
0 0.816895 0.578216 0.022461 0.042398
0 0.810059 0.517544 0.016602 0.035088
0 0.973145 0.571637 0.022461 0.043860
0 0.946777 0.543860 0.016602 0.032164
0 0.904297 0.616228 0.017578 0.033626
0 0.511719 0.353801 0.064453 0.116959
0 0.456543 0.653509 0.022461 0.038012
0 0.653809 0.439327 0.022461 0.033626
0 0.756348 0.475877 0.018555 0.036550
0 0.731445 0.415936 0.019531 0.033626
0 0.867188 0.478801 0.023438 0.042398
0 0.991699 0.445175 0.016602 0.039474
0 0.963379 0.371345 0.010742 0.023392
0 0.928711 0.456140 0.015625 0.026316
0 0.881836 0.373538 0.017578 0.027778
0 0.901855 0.347953 0.014648 0.023392
0 0.802734 0.407164 0.017578 0.024854
0 0.702637 0.334795 0.016602 0.035088
0 0.619629 0.290936 0.014648 0.026316
0 0.644043 0.264620 0.012695 0.023392
0 0.676270 0.278509 0.012695 0.021930
0 0.591309 0.374269 0.016602 0.026316
0 0.627930 0.326754 0.011719 0.021930
0 0.743652 0.285819 0.014648 0.024854
0 0.704590 0.250731 0.014648 0.027778
0 0.786621 0.365497 0.016602 0.032164
0 0.856934 0.301901 0.016602 0.024854
0 0.895996 0.277778 0.016602 0.026316
0 0.834473 0.245614 0.014648 0.023392
0 0.821289 0.202485 0.011719 0.027778
0 0.792969 0.206140 0.011719 0.023392
0 0.729004 0.220029 0.012695 0.024854
0 0.628906 0.230263 0.011719 0.021930
0 0.932617 0.211988 0.015625 0.029240
0 0.462891 0.377193 0.019531 0.032164
0 0.441895 0.271199 0.012695 0.024854
0 0.369629 0.263889 0.014648 0.024854
0 0.420898 0.302632 0.013672 0.023392
0 0.575684 0.225146 0.012695 0.023392
0 0.634766 0.364035 0.019531 0.032164
0 0.684082 0.348684 0.010742 0.019006
0 0.662598 0.189327 0.010742 0.019006
0 0.704102 0.172515 0.011719 0.023392
0 0.687988 0.152778 0.010742 0.019006
0 0.646484 0.144737 0.011719 0.020468
0 0.574219 0.151316 0.013672 0.024854
0 0.537598 0.169591 0.014648 0.029240
0 0.489258 0.178363 0.011719 0.020468
0 0.404297 0.172515 0.013672 0.017544
0 0.379395 0.174708 0.014648 0.030702
0 0.321777 0.188596 0.014648 0.029240
0 0.346191 0.149123 0.014648 0.029240
0 0.289062 0.238304 0.011719 0.023392
0 0.286621 0.190789 0.010742 0.024854
0 0.057617 0.081871 0.013672 0.023392
0 0.185547 0.073830 0.011719 0.021930
0 0.232422 0.057018 0.011719 0.023392
0 0.018066 0.057018 0.012695 0.020468
0 0.156250 0.092836 0.013672 0.024854
0 0.275391 0.150585 0.015625 0.026316
0 0.257324 0.141082 0.014648 0.024854
0 0.301270 0.113304 0.010742 0.016082
0 0.506348 0.079678 0.012695 0.024854
0 0.034180 0.594298 0.027344 0.045322
0 0.570312 0.093567 0.009766 0.023392
0 0.615234 0.106725 0.009766 0.017544
0 0.436035 0.070906 0.008789 0.019006
0 0.423340 0.260965 0.014648 0.027778
0 0.758789 0.154971 0.013672 0.023392
0 0.722656 0.182018 0.013672 0.024854
0 0.952148 0.172515 0.011719 0.017544
0 0.981445 0.176901 0.011719 0.023392
0 0.947754 0.130848 0.012695 0.024854
0 0.851074 0.144737 0.012695 0.026316
0 0.955078 0.328216 0.015625 0.024854
0 0.879883 0.149123 0.013672 0.023392
0 0.673828 0.230994 0.015625 0.026316
0 0.911133 0.215643 0.013672 0.030702
0 0.599121 0.143275 0.016602 0.032164
0 0.345215 0.231725 0.016602 0.030702
0 0.442871 0.894006 0.024414 0.042398
0 0.024902 0.517544 0.020508 0.049708
0 0.033691 0.472953 0.020508 0.036550
0 0.049316 0.423246 0.018555 0.036550
0 0.395996 0.206871 0.018555 0.030702
0 0.467285 0.210526 0.012695 0.026316
0 0.122070 0.047515 0.013672 0.027778
0 0.430176 0.093567 0.012695 0.029240
0 0.420410 0.357456 0.020508 0.039474
0 0.948242 0.347953 0.019531 0.032164
0 0.857910 0.451023 0.014648 0.030702
0 0.796387 0.629386 0.022461 0.042398
0 0.890137 0.574561 0.018555 0.040936
0 0.900391 0.446637 0.023438 0.042398
0 0.984375 0.427632 0.015625 0.030702
0 0.954590 0.287281 0.020508 0.033626
0 0.452148 0.116228 0.013672 0.024854