0 0.220703 0.576389 0.021484 0.041667
0 0.319824 0.547743 0.008789 0.026042
0 0.360840 0.569444 0.016602 0.052083
0 0.454102 0.549479 0.007812 0.022569
0 0.463379 0.581597 0.016602 0.034722
0 0.475098 0.571181 0.006836 0.024306
0 0.544434 0.575521 0.004883 0.012153
0 0.562012 0.572917 0.018555 0.041667
0 0.599121 0.571181 0.004883 0.013889
0 0.676758 0.558160 0.005859 0.012153
0 0.733887 0.585938 0.006836 0.012153
0 0.833008 0.562500 0.011719 0.038194
0 0.839844 0.555556 0.007812 0.024306
0 0.937012 0.571181 0.010742 0.031250