0 0.289062 0.744882 0.037109 0.091339
0 0.129395 0.567717 0.026367 0.051969
0 0.193359 0.574016 0.021484 0.042520
0 0.224609 0.592913 0.021484 0.042520
0 0.260742 0.582677 0.027344 0.050394
0 0.235352 0.537795 0.019531 0.039370
0 0.289062 0.516535 0.019531 0.037795
0 0.332031 0.570866 0.021484 0.039370
0 0.184082 0.522047 0.020508 0.039370
0 0.350098 0.493701 0.020508 0.039370
0 0.444824 0.506299 0.024414 0.042520
0 0.435059 0.665354 0.026367 0.067717
0 0.549316 0.500787 0.022461 0.050394
0 0.639160 0.500787 0.022461 0.047244
0 0.682617 0.455906 0.017578 0.036220
0 0.739746 0.450394 0.022461 0.044094
0 0.830078 0.604724 0.107422 0.251969
0 0.786621 0.422047 0.010742 0.031496
0 0.584473 0.677165 0.026367 0.075591