0 0.979492 0.421224 0.013672 0.027344
0 0.926758 0.422526 0.017578 0.027344
0 0.904785 0.417969 0.012695 0.028646
0 0.873047 0.411458 0.009766 0.031250
0 0.807129 0.412760 0.014648 0.023438
0 0.783691 0.398438 0.012695 0.023438
0 0.757324 0.413411 0.012695 0.027344
0 0.946777 0.429036 0.008789 0.016927
0 0.621094 0.413411 0.015625 0.027344
0 0.598145 0.390625 0.014648 0.026042
0 0.578613 0.400391 0.014648 0.027344
0 0.557129 0.392578 0.012695 0.022135
0 0.533203 0.388672 0.013672 0.027344
0 0.521973 0.391276 0.012695 0.027344
0 0.509277 0.393880 0.010742 0.022135
0 0.493652 0.399089 0.014648 0.029948
0 0.428223 0.406901 0.018555 0.032552
0 0.435547 0.380859 0.013672 0.024740
0 0.415527 0.393880 0.012695 0.027344
0 0.361328 0.389974 0.017578 0.032552
0 0.327637 0.397135 0.014648 0.026042
0 0.272461 0.410807 0.011719 0.024740
0 0.301758 0.380859 0.011719 0.024740
0 0.259766 0.391276 0.013672 0.022135
0 0.210938 0.389323 0.013672 0.026042
0 0.175293 0.377604 0.012695 0.023438
0 0.154297 0.376302 0.013672 0.023438
0 0.134277 0.405599 0.018555 0.032552
0 0.103027 0.371094 0.014648 0.026042
0 0.086426 0.371745 0.018555 0.029948
0 0.072266 0.375000 0.015625 0.026042
0 0.051270 0.391927 0.010742 0.036458
0 0.058594 0.384766 0.009766 0.027344
0 0.020996 0.386068 0.014648 0.035156
0 0.009277 0.391927 0.016602 0.046875
0 0.653320 0.408854 0.011719 0.018229