0 0.390137 0.432026 0.094727 0.155556
0 0.599121 0.624183 0.084961 0.147712
0 0.043457 0.381046 0.010742 0.016993
0 0.162109 0.411111 0.009766 0.019608
0 0.178223 0.466013 0.010742 0.016993
0 0.097168 0.392810 0.012695 0.022222
0 0.640625 0.417647 0.009766 0.016993
0 0.614746 0.412418 0.014648 0.027451
0 0.852539 0.492157 0.031250 0.058824
0 0.683594 0.435294 0.009766 0.018301
0 0.995605 0.439216 0.008789 0.015686
0 0.947754 0.445098 0.008789 0.014379
0 0.015625 0.400654 0.009766 0.016993
0 0.007324 0.366667 0.008789 0.014379
0 0.199219 0.398039 0.005859 0.009150
0 0.477539 0.418954 0.011719 0.014379
0 0.480957 0.413725 0.008789 0.024837