0 0.922852 0.497765 0.050781 0.110283
0 0.804688 0.491058 0.058594 0.108793
0 0.699707 0.474665 0.034180 0.070045
0 0.599609 0.504471 0.062500 0.126677
0 0.629395 0.373323 0.028320 0.055142
0 0.509277 0.322653 0.026367 0.058122
0 0.367188 0.463487 0.058594 0.119225
0 0.155762 0.555887 0.065430 0.143070
0 0.133301 0.397914 0.053711 0.095380
0 0.251953 0.342772 0.033203 0.071535
0 0.174316 0.322653 0.032227 0.052161
0 0.867676 0.412072 0.028320 0.055142
0 0.722656 0.276453 0.007812 0.019374
0 0.735840 0.400894 0.032227 0.062593
0 0.539062 0.274218 0.011719 0.020864
0 0.458496 0.264531 0.006836 0.016393
0 0.364746 0.248882 0.006836 0.014903
0 0.285645 0.403130 0.043945 0.084948
0 0.412598 0.408346 0.030273 0.062593
0 0.257324 0.306259 0.024414 0.034277
0 0.217773 0.230999 0.005859 0.014903
0 0.249512 0.243666 0.008789 0.016393
0 0.270508 0.247392 0.005859 0.014903
0 0.061035 0.251863 0.016602 0.032787
0 0.141113 0.257079 0.010742 0.019374
0 0.153809 0.235469 0.006836 0.014903
0 0.021973 0.401639 0.043945 0.105812
0 0.113770 0.210134 0.004883 0.008942
0 0.182129 0.217586 0.004883 0.008942
0 0.193359 0.216841 0.003906 0.007452
0 0.060059 0.196721 0.006836 0.011923