0 0.982422 0.821646 0.017578 0.048780
0 0.942871 0.943598 0.022461 0.051829
0 0.901855 0.905488 0.020508 0.045732
0 0.908203 0.850610 0.019531 0.042683
0 0.919922 0.778201 0.023438 0.044207
0 0.846191 0.934451 0.024414 0.045732
0 0.802246 0.907012 0.020508 0.039634
0 0.802734 0.810976 0.021484 0.039634
0 0.795898 0.778201 0.025391 0.050305
0 0.884766 0.749238 0.021484 0.041159
0 0.763672 0.873476 0.021484 0.048780
0 0.772949 0.717226 0.022461 0.047256
0 0.723633 0.795732 0.025391 0.045732
0 0.719238 0.865854 0.018555 0.039634
0 0.947754 0.610518 0.020508 0.041159
0 0.942871 0.656250 0.022461 0.047256
0 0.804199 0.666159 0.022461 0.039634
0 0.894531 0.599848 0.019531 0.041159
0 0.741211 0.602134 0.027344 0.060976
0 0.785156 0.605183 0.023438 0.042683
0 0.785156 0.554116 0.023438 0.044207
0 0.811035 0.573933 0.022461 0.038110
0 0.874512 0.533537 0.020508 0.051829
0 0.930664 0.455793 0.025391 0.054878
0 0.904785 0.427591 0.024414 0.053354
0 0.953125 0.372713 0.023438 0.050305
0 0.980957 0.379573 0.024414 0.051829
0 0.952148 0.323933 0.021484 0.038110
0 0.915527 0.316311 0.020508 0.041159
0 0.859863 0.328506 0.022461 0.041159
0 0.827637 0.375000 0.022461 0.051829
0 0.787109 0.366616 0.023438 0.050305
0 0.753906 0.378811 0.021484 0.047256
0 0.800781 0.310213 0.023438 0.053354
0 0.776367 0.455030 0.025391 0.050305
0 0.803223 0.483232 0.024414 0.048780
0 0.852051 0.458079 0.024414 0.044207
0 0.991211 0.160823 0.017578 0.053354
0 0.975586 0.248476 0.023438 0.048780
0 0.918457 0.189024 0.026367 0.051829
0 0.898438 0.145579 0.021484 0.044207
0 0.874023 0.217988 0.023438 0.048780
0 0.840332 0.189787 0.022461 0.038110
0 0.784668 0.207317 0.018555 0.033537
0 0.787109 0.271341 0.021484 0.039634
0 0.825195 0.125762 0.025391 0.035061
0 0.757812 0.189024 0.017578 0.033537
0 0.686035 0.163110 0.024414 0.051829
0 0.708984 0.116616 0.019531 0.041159
0 0.731934 0.121189 0.020508 0.038110
0 0.708496 0.250000 0.020508 0.042683
0 0.678223 0.255335 0.024414 0.047256
0 0.689941 0.307927 0.024414 0.045732
0 0.878418 0.043445 0.028320 0.041159
0 0.968750 0.085366 0.023438 0.039634
0 0.948730 0.020579 0.024414 0.041159
0 0.646484 0.122713 0.025391 0.050305
0 0.627441 0.204268 0.024414 0.048780
0 0.570801 0.192835 0.020508 0.044207
0 0.542969 0.237805 0.023438 0.048780
0 0.603027 0.251524 0.020508 0.042683
0 0.518066 0.324695 0.024414 0.042683
0 0.630371 0.288872 0.022461 0.044207
0 0.622070 0.072409 0.021484 0.044207
0 0.560547 0.108994 0.025391 0.047256
0 0.503418 0.116616 0.024414 0.044207
0 0.702637 0.037348 0.022461 0.050305
0 0.762207 0.014482 0.020508 0.028963
0 0.727051 0.012195 0.022461 0.024390
0 0.984863 0.703506 0.024414 0.041159
0 0.880859 0.670732 0.019531 0.030488
0 0.705566 0.506860 0.024414 0.053354
0 0.697754 0.421494 0.022461 0.053354
0 0.661133 0.426067 0.021484 0.047256
0 0.636230 0.419207 0.020508 0.042683
0 0.580078 0.451220 0.023438 0.042683
0 0.620605 0.538872 0.024414 0.044207
0 0.591309 0.542683 0.024414 0.042683
0 0.589355 0.506098 0.024414 0.042683
0 0.675293 0.840701 0.026367 0.059451
0 0.673828 0.771341 0.021484 0.039634
0 0.706055 0.701220 0.025391 0.048780
0 0.679688 0.670732 0.023438 0.051829
0 0.610840 0.713415 0.022461 0.051829
0 0.624512 0.780488 0.022461 0.048780
0 0.584961 0.794970 0.021484 0.047256
0 0.601074 0.882622 0.018555 0.039634
0 0.509277 0.747713 0.024414 0.041159
0 0.416504 0.814787 0.020508 0.038110
0 0.416504 0.721037 0.026367 0.048780
0 0.462402 0.707317 0.026367 0.039634
0 0.395020 0.656250 0.022461 0.041159
0 0.417480 0.643293 0.020508 0.033537
0 0.372559 0.601372 0.022461 0.044207
0 0.487305 0.601372 0.023438 0.050305
0 0.588379 0.676067 0.024414 0.044207
0 0.687012 0.577744 0.018555 0.030488
0 0.722168 0.583841 0.016602 0.036585
0 0.709473 0.621951 0.022461 0.045732
0 0.540039 0.705793 0.021484 0.039634
0 0.457031 0.646341 0.025391 0.039634
0 0.461426 0.907774 0.022461 0.041159
0 0.546875 0.432165 0.021484 0.050305
0 0.609375 0.374238 0.021484 0.047256
0 0.562988 0.299543 0.024414 0.044207
0 0.467285 0.318598 0.022461 0.048780
0 0.410645 0.376524 0.026367 0.042683
0 0.423340 0.430640 0.022461 0.047256
0 0.432129 0.486280 0.022461 0.039634
0 0.483398 0.472561 0.023438 0.051829
0 0.534668 0.501524 0.022461 0.048780
0 0.506348 0.389482 0.022461 0.044207
0 0.351074 0.381098 0.022461 0.048780
0 0.427246 0.282012 0.022461 0.048780
0 0.380859 0.335366 0.021484 0.045732
0 0.391602 0.250762 0.023438 0.047256
0 0.468262 0.221037 0.024414 0.042683
0 0.501465 0.227896 0.020508 0.041159
0 0.985840 0.496951 0.022461 0.048780
0 0.600098 0.032774 0.020508 0.044207
0 0.558594 0.023628 0.023438 0.044207
0 0.508301 0.022104 0.024414 0.041159
0 0.462891 0.056402 0.023438 0.042683
0 0.470703 0.029726 0.021484 0.044207
0 0.440430 0.024390 0.019531 0.039634
0 0.406250 0.130335 0.021484 0.044207
0 0.416504 0.214177 0.022461 0.047256
0 0.308594 0.051067 0.023438 0.044207
0 0.268555 0.134909 0.021484 0.047256
0 0.232422 0.125000 0.023438 0.045732
0 0.224121 0.178354 0.022461 0.048780
0 0.352051 0.202744 0.022461 0.048780
0 0.294922 0.220274 0.023438 0.047256
0 0.340820 0.253049 0.027344 0.048780
0 0.399902 0.012957 0.018555 0.025915
0 0.330566 0.010671 0.016602 0.021341
0 0.239746 0.076982 0.020508 0.047256
0 0.265137 0.256098 0.022461 0.045732
0 0.816406 0.983994 0.023438 0.032012
0 0.778320 0.955030 0.025391 0.035061
0 0.723145 0.952744 0.020508 0.036585
0 0.703125 0.967226 0.023438 0.038110
0 0.407227 0.482470 0.025391 0.053354
0 0.358398 0.471799 0.021484 0.044207
0 0.313965 0.517530 0.022461 0.053354
0 0.309082 0.446646 0.024414 0.051829
0 0.334961 0.612043 0.021484 0.041159
0 0.300781 0.617378 0.021484 0.036585
0 0.279785 0.484756 0.024414 0.054878
0 0.262207 0.536585 0.024414 0.048780
0 0.322266 0.725610 0.023438 0.051829
0 0.573730 0.971037 0.018555 0.039634
0 0.283203 0.879573 0.023438 0.030488
0 0.208984 0.911585 0.021484 0.042683
0 0.277344 0.921494 0.015625 0.041159
0 0.272949 0.824695 0.022461 0.048780
0 0.234863 0.846799 0.022461 0.044207
0 0.070312 0.884146 0.021484 0.042683
0 0.167480 0.753049 0.022461 0.048780
0 0.065918 0.780488 0.018555 0.039634
0 0.195312 0.941311 0.013672 0.028963
0 0.136230 0.903963 0.028320 0.042683
0 0.274902 0.660061 0.024414 0.045732
0 0.231934 0.703506 0.026367 0.047256
0 0.175293 0.714939 0.022461 0.048780
0 0.188965 0.663110 0.024414 0.042683
0 0.233887 0.574695 0.022461 0.051829
0 0.169434 0.571646 0.022461 0.048780
0 0.226074 0.518293 0.026367 0.033537
0 0.153320 0.473323 0.025391 0.038110
0 0.063477 0.650915 0.023438 0.042683
0 0.089355 0.611280 0.024414 0.039634
0 0.085449 0.553354 0.022461 0.036585
0 0.031250 0.581555 0.023438 0.047256
0 0.009766 0.846799 0.017578 0.044207
0 0.031250 0.405488 0.021484 0.048780
0 0.035645 0.494665 0.024414 0.044207
0 0.066895 0.455793 0.020508 0.042683
0 0.080078 0.419970 0.021484 0.038110
0 0.070312 0.365854 0.017578 0.036585
0 0.042480 0.312500 0.022461 0.036585
0 0.117188 0.344512 0.023438 0.045732
0 0.152832 0.326982 0.026367 0.047256
0 0.192871 0.330030 0.024414 0.056402
0 0.172363 0.394817 0.022461 0.042683
0 0.115234 0.418445 0.021484 0.041159
0 0.141602 0.504573 0.021484 0.036585
0 0.222168 0.435213 0.024414 0.047256
0 0.255371 0.375762 0.020508 0.044207
0 0.321289 0.342226 0.021484 0.035061
0 0.334473 0.946646 0.014648 0.036585
0 0.109375 0.157774 0.025391 0.053354
0 0.080078 0.264482 0.021484 0.044207
0 0.087402 0.217988 0.024414 0.042683
0 0.191406 0.236280 0.025391 0.048780
0 0.156250 0.281250 0.021484 0.041159
0 0.186035 0.041921 0.020508 0.038110
0 0.120605 0.100610 0.026367 0.057927
0 0.148926 0.075457 0.018555 0.035061
0 0.316895 0.166159 0.020508 0.036585
0 0.030273 0.237805 0.021484 0.054878
0 0.040527 0.185976 0.024414 0.045732
0 0.039062 0.126524 0.025391 0.048780
0 0.033203 0.007622 0.015625 0.015244
0 0.015625 0.011433 0.017578 0.022866
0 0.010742 0.735518 0.019531 0.053354
0 0.520020 0.186738 0.024414 0.050305
0 0.350586 0.734756 0.017578 0.033537
0 0.365723 0.721799 0.018555 0.032012
0 0.024902 0.368140 0.024414 0.050305
0 0.337402 0.123476 0.020508 0.042683
0 0.402344 0.864329 0.023438 0.042683
0 0.423828 0.865091 0.019531 0.035061
0 0.967773 0.990091 0.023438 0.019817
0 0.992676 0.881860 0.014648 0.041159