0 0.229980 0.347005 0.014648 0.024740
0 0.276367 0.350260 0.013672 0.023438
0 0.310059 0.337240 0.014648 0.023438
0 0.150391 0.432292 0.015625 0.026042
0 0.346680 0.391927 0.013672 0.020833
0 0.477539 0.367188 0.019531 0.031250
0 0.519043 0.408203 0.030273 0.032552
0 0.530762 0.374349 0.018555 0.029948
0 0.632324 0.417969 0.018555 0.026042
0 0.631836 0.459635 0.017578 0.031250
0 0.402832 0.529297 0.016602 0.032552
0 0.523438 0.511068 0.023438 0.037760
0 0.281250 0.482422 0.017578 0.027344
0 0.736328 0.380859 0.005859 0.009115
0 0.680176 0.395182 0.004883 0.009115
0 0.612305 0.421875 0.007812 0.010417