0 0.965332 0.653001 0.032227 0.073206
0 0.683105 0.795022 0.055664 0.105417
0 0.724121 0.620059 0.028320 0.057101
0 0.798340 0.581991 0.022461 0.042460
0 0.701172 0.549780 0.017578 0.030747
0 0.821777 0.510249 0.014648 0.036603
0 0.659180 0.486823 0.013672 0.024890
0 0.617676 0.532211 0.018555 0.033675
0 0.620117 0.492679 0.013672 0.027818
0 0.751465 0.461933 0.008789 0.021962
0 0.809570 0.442899 0.009766 0.016105
0 0.697266 0.501464 0.013672 0.024890
0 0.942871 0.474378 0.012695 0.020498
0 0.774414 0.456808 0.009766 0.020498
0 0.714844 0.468521 0.011719 0.026354
0 0.676758 0.442167 0.007812 0.017570
0 0.699219 0.445095 0.007812 0.017570
0 0.717285 0.423865 0.006836 0.013177
0 0.690430 0.467057 0.007812 0.017570
0 0.624023 0.459004 0.007812 0.016105
0 0.617188 0.426794 0.005859 0.013177
0 0.662598 0.416545 0.006836 0.013177
0 0.973145 0.564422 0.010742 0.036603
0 0.451172 0.633968 0.027344 0.052709
0 0.311523 0.546852 0.023438 0.051245
0 0.337402 0.521962 0.016602 0.027818
0 0.387207 0.505124 0.012695 0.023426
0 0.398438 0.541728 0.015625 0.029283
0 0.454102 0.460469 0.013672 0.024890
0 0.430664 0.471449 0.009766 0.017570
0 0.393066 0.470717 0.010742 0.019034
0 0.332031 0.473646 0.011719 0.021962
0 0.292480 0.486091 0.010742 0.020498
0 0.246582 0.480234 0.016602 0.029283
0 0.432129 0.456076 0.008789 0.016105
0 0.426758 0.439971 0.007812 0.013177
0 0.312012 0.464129 0.006836 0.014641
0 0.264648 0.439239 0.007812 0.014641
0 0.304199 0.433382 0.006836 0.014641
0 0.498047 0.426794 0.009766 0.019034
0 0.476562 0.431918 0.007812 0.014641
0 0.451172 0.420205 0.003906 0.008785
0 0.561035 0.489019 0.014648 0.023426
0 0.585449 0.483895 0.010742 0.021962
0 0.380859 0.424597 0.005859 0.011713
0 0.501465 0.507321 0.014648 0.027818
0 0.554688 0.520498 0.019531 0.042460
0 0.540527 0.471449 0.010742 0.023426
0 0.542969 0.433382 0.007812 0.017570
0 0.583984 0.436310 0.005859 0.011713
0 0.189941 0.535139 0.016602 0.033675
0 0.089844 0.573939 0.029297 0.052709
0 0.045410 0.491947 0.026367 0.046852
0 0.056641 0.427526 0.007812 0.017570
0 0.003906 0.470717 0.007812 0.016105
0 0.039551 0.430454 0.008789 0.014641
0 0.136719 0.439971 0.005859 0.010249
0 0.121094 0.421669 0.005859 0.011713
0 0.227051 0.421669 0.006836 0.011713
0 0.111328 0.504392 0.025391 0.042460
0 0.119629 0.473646 0.012695 0.030747
0 0.462891 0.464129 0.009766 0.020498
0 0.551758 0.453880 0.005859 0.014641
0 0.552734 0.434114 0.005859 0.013177