0 0.986816 0.192251 0.024414 0.089181
0 0.949219 0.153509 0.046875 0.084795
0 0.845703 0.187135 0.056641 0.090643
0 0.815918 0.247807 0.079102 0.121345
0 0.824219 0.424708 0.093750 0.173977
0 0.780273 0.140351 0.023438 0.043860
0 0.684570 0.154971 0.042969 0.081871
0 0.651855 0.171784 0.024414 0.045322
0 0.625977 0.194444 0.023438 0.032164
0 0.630859 0.163012 0.013672 0.021930
0 0.595703 0.154971 0.017578 0.029240
0 0.522461 0.217836 0.060547 0.116959
0 0.562500 0.226608 0.035156 0.090643
0 0.480469 0.178363 0.037109 0.070175
0 0.479004 0.484649 0.090820 0.162281
0 0.393066 0.326023 0.067383 0.116959
0 0.343750 0.268275 0.027344 0.054094
0 0.284668 0.248538 0.036133 0.055556
0 0.175781 0.285088 0.064453 0.102339
0 0.038086 0.291667 0.076172 0.182749