0 0.804199 0.131944 0.045898 0.100694
0 0.861328 0.119792 0.048828 0.093750
0 0.669434 0.322917 0.063477 0.107639
0 0.643066 0.109375 0.038086 0.079861
0 0.682617 0.071181 0.033203 0.097222
0 0.506836 0.116319 0.023438 0.072917
0 0.581543 0.164931 0.028320 0.059028
0 0.456543 0.189236 0.028320 0.062500
0 0.390137 0.209201 0.028320 0.060764
0 0.416504 0.186632 0.018555 0.050347
0 0.320801 0.287326 0.065430 0.130208
0 0.440918 0.510417 0.053711 0.121528
0 0.166992 0.233507 0.091797 0.189236
0 0.756348 0.145833 0.028320 0.072917