0 0.022461 0.321918 0.039062 0.065449
0 0.087891 0.347793 0.050781 0.068493
0 0.120605 0.324201 0.036133 0.085236
0 0.234375 0.242770 0.035156 0.080670
0 0.268555 0.311263 0.042969 0.077626
0 0.186523 0.319635 0.035156 0.060883
0 0.333984 0.280822 0.027344 0.056317
0 0.363770 0.298326 0.041992 0.085236
0 0.447266 0.277778 0.025391 0.062405
0 0.482422 0.291476 0.042969 0.083714
0 0.594238 0.249619 0.038086 0.073059
0 0.558594 0.259513 0.029297 0.059361
0 0.547852 0.281583 0.027344 0.054795
0 0.715820 0.289954 0.037109 0.062405
0 0.704102 0.232116 0.029297 0.053272
0 0.735352 0.266362 0.021484 0.051750
0 0.795410 0.251142 0.016602 0.036530
0 0.829102 0.251142 0.044922 0.082192
0 0.893555 0.254186 0.025391 0.045662
0 0.981445 0.229833 0.037109 0.063927
0 0.310547 0.310502 0.019531 0.039574