0 0.992188 0.244076 0.015625 0.071090
0 0.986328 0.082938 0.027344 0.085308
0 0.928223 0.131517 0.026367 0.078199
0 0.895996 0.092417 0.024414 0.052133
0 0.901855 0.146919 0.020508 0.066351
0 0.851562 0.158768 0.023438 0.071090
0 0.825195 0.156398 0.029297 0.080569
0 0.887695 0.361374 0.023438 0.073460
0 0.733398 0.274882 0.029297 0.085308
0 0.738281 0.171801 0.025391 0.073460
0 0.763672 0.202607 0.015625 0.049763
0 0.721680 0.168246 0.011719 0.033175
0 0.687012 0.229858 0.024414 0.066351
0 0.638184 0.226303 0.022461 0.059242
0 0.629395 0.248815 0.014648 0.047393
0 0.595703 0.285545 0.027344 0.078199
0 0.583008 0.200237 0.021484 0.054502
0 0.563477 0.229858 0.021484 0.056872
0 0.665039 0.187204 0.019531 0.056872
0 0.514160 0.236967 0.020508 0.056872
0 0.534668 0.285545 0.022461 0.063981
0 0.551758 0.379147 0.027344 0.075829
0 0.447266 0.398104 0.037109 0.132701
0 0.431152 0.277251 0.022461 0.066351
0 0.463379 0.274882 0.018555 0.047393
0 0.415039 0.298578 0.017578 0.052133
0 0.395996 0.368483 0.022461 0.073460
0 0.420898 0.463270 0.025391 0.101896
0 0.447754 0.273697 0.008789 0.030806
0 0.360352 0.327014 0.021484 0.056872
0 0.297363 0.308057 0.016602 0.047393
0 0.308105 0.349526 0.022461 0.059242
0 0.325684 0.411137 0.024414 0.073460
0 0.270508 0.390995 0.027344 0.075829
0 0.287109 0.497630 0.041016 0.118483
0 0.262695 0.505924 0.021484 0.068720
0 0.232422 0.464455 0.033203 0.094787
0 0.250977 0.402844 0.017578 0.052133
0 0.217285 0.405213 0.022461 0.052133
0 0.201660 0.386256 0.016602 0.047393
0 0.154785 0.482227 0.034180 0.116114
0 0.178711 0.350711 0.015625 0.042654
0 0.085449 0.439573 0.020508 0.054502
0 0.140625 0.475118 0.017578 0.059242
0 0.099121 0.561611 0.022461 0.071090