0 0.880371 0.381728 0.034180 0.049575
0 0.801270 0.356941 0.034180 0.048159
0 0.735352 0.367564 0.027344 0.043909
0 0.702637 0.347734 0.026367 0.041076
0 0.633301 0.384561 0.028320 0.041076
0 0.614746 0.394476 0.020508 0.043909
0 0.562500 0.389518 0.027344 0.039660
0 0.533203 0.332861 0.029297 0.045326
0 0.583496 0.539660 0.028320 0.045326
0 0.520996 0.454674 0.026367 0.039660
0 0.451660 0.534703 0.028320 0.049575
0 0.372559 0.535411 0.028320 0.048159
0 0.379395 0.395184 0.024414 0.042493
0 0.361328 0.362606 0.021484 0.039660
0 0.302246 0.347734 0.024414 0.046742
0 0.247559 0.412890 0.028320 0.038244
0 0.263672 0.363314 0.019531 0.029745
0 0.478027 0.362606 0.024414 0.036827
0 0.434570 0.336402 0.027344 0.043909
0 0.152344 0.400850 0.027344 0.042493
0 0.182617 0.341360 0.027344 0.039660
0 0.128906 0.369688 0.029297 0.045326