0 0.838379 0.458211 0.038086 0.063050
0 0.738770 0.414223 0.030273 0.042522
0 0.756348 0.304985 0.028320 0.043988
0 0.713379 0.432551 0.020508 0.035191
0 0.651367 0.168622 0.021484 0.035191
0 0.515137 0.142229 0.016602 0.029326
0 0.512695 0.187683 0.011719 0.017595
0 0.676270 0.570381 0.020508 0.020528
0 0.531250 0.464076 0.015625 0.021994
0 0.439453 0.478739 0.025391 0.036657
0 0.404297 0.385630 0.023438 0.032258
0 0.316895 0.214809 0.022461 0.036657
0 0.246582 0.502933 0.043945 0.061584
0 0.223145 0.274927 0.030273 0.045455