0 0.166504 0.331933 0.049805 0.066026
0 0.210449 0.252701 0.051758 0.066026
0 0.284180 0.292917 0.039062 0.043217
0 0.395020 0.289916 0.047852 0.061224
0 0.525879 0.267707 0.040039 0.064826
0 0.671875 0.261104 0.044922 0.066026
0 0.785156 0.325930 0.044922 0.056423
0 0.704590 0.177671 0.049805 0.069628
0 0.624023 0.171068 0.039062 0.058824
0 0.432617 0.134454 0.044922 0.064826
0 0.521484 0.419568 0.048828 0.070828
0 0.407715 0.482593 0.047852 0.060024
0 0.478027 0.210084 0.043945 0.052821
0 0.337402 0.217887 0.040039 0.054022