0 0.933594 0.394813 0.019531 0.040346
0 0.887207 0.385447 0.012695 0.041787
0 0.831055 0.411383 0.015625 0.036023
0 0.740234 0.376801 0.017578 0.036023
0 0.651855 0.387608 0.010742 0.034582
0 0.614746 0.368876 0.010742 0.034582
0 0.602051 0.360951 0.016602 0.036023
0 0.559082 0.382565 0.010742 0.030259
0 0.516113 0.381844 0.010742 0.034582
0 0.487793 0.376801 0.014648 0.033141
0 0.405762 0.355908 0.010742 0.031700
0 0.377930 0.378963 0.015625 0.031700
0 0.330078 0.373199 0.015625 0.031700
0 0.272461 0.380403 0.009766 0.034582
0 0.242188 0.395533 0.015625 0.027378
0 0.184082 0.371758 0.014648 0.031700
0 0.160645 0.376801 0.006836 0.012968
0 0.112305 0.382565 0.011719 0.024496
0 0.046387 0.379683 0.016602 0.027378
0 0.705566 0.403458 0.014648 0.028818
0 0.748535 0.373919 0.016602 0.038905