0 0.815918 0.168243 0.032227 0.044595
0 0.726074 0.202703 0.034180 0.054054
0 0.641602 0.184459 0.035156 0.052703
0 0.573242 0.189865 0.029297 0.050000
0 0.555176 0.312838 0.024414 0.039189
0 0.479980 0.304730 0.026367 0.044595
0 0.647949 0.435811 0.024414 0.036486
0 0.511230 0.200000 0.028320 0.043243
0 0.452148 0.179730 0.031250 0.051351
0 0.416992 0.198649 0.029297 0.048649
0 0.347168 0.202703 0.030273 0.051351
0 0.306152 0.197297 0.032227 0.056757
0 0.198730 0.189865 0.034180 0.055405
0 0.323242 0.443243 0.025391 0.035135