0 0.161133 0.149219 0.046875 0.092188
0 0.293457 0.152344 0.053711 0.092188
0 0.375000 0.090625 0.042969 0.090625
0 0.468262 0.092969 0.041992 0.089063
0 0.569336 0.134375 0.044922 0.093750
0 0.675293 0.136719 0.045898 0.092188
0 0.784668 0.105469 0.045898 0.095312
0 0.883301 0.100000 0.045898 0.100000
0 0.633301 0.121094 0.014648 0.029687
0 0.333496 0.130469 0.018555 0.042188
0 0.088867 0.218750 0.011719 0.031250
0 0.105469 0.119531 0.017578 0.035937
0 0.116699 0.100781 0.014648 0.029687
0 0.080566 0.146875 0.010742 0.021875
0 0.046875 0.117969 0.017578 0.039062
0 0.041992 0.132812 0.011719 0.037500
0 0.019043 0.147656 0.024414 0.042188
0 0.536133 0.116406 0.017578 0.032813