0 0.052246 0.389458 0.041992 0.067350
0 0.111816 0.404832 0.026367 0.042460
0 0.172363 0.420937 0.016602 0.042460
0 0.188477 0.368228 0.011719 0.019034
0 0.253906 0.447291 0.035156 0.083455
0 0.349609 0.441435 0.025391 0.051245
0 0.353516 0.393851 0.015625 0.020498
0 0.386230 0.396047 0.008789 0.024890
0 0.218750 0.359444 0.007812 0.016105
0 0.499512 0.400439 0.012695 0.027818
0 0.500977 0.372621 0.009766 0.019034
0 0.544434 0.343338 0.006836 0.013177
0 0.580078 0.353587 0.007812 0.013177
0 0.608398 0.399707 0.013672 0.035139
0 0.632812 0.386530 0.015625 0.029283
0 0.658203 0.357247 0.009766 0.017570
0 0.651367 0.380673 0.009766 0.023426
0 0.779785 0.472914 0.041992 0.076135
0 0.702637 0.397511 0.026367 0.039531
0 0.690918 0.379209 0.014648 0.029283
0 0.798340 0.368960 0.006836 0.011713
0 0.845215 0.379209 0.008789 0.014641
0 0.889160 0.440703 0.026367 0.052709
0 0.914551 0.402635 0.018555 0.035139
0 0.904785 0.368960 0.008789 0.014641
0 0.955078 0.434114 0.023438 0.036603
0 0.969727 0.379209 0.007812 0.023426
0 0.527832 0.393851 0.006836 0.020498
0 0.462891 0.379209 0.007812 0.017570
0 0.612793 0.361640 0.008789 0.017570