0 0.823730 0.346814 0.176758 0.299020
0 0.443359 0.143995 0.015625 0.023284
0 0.469727 0.188113 0.023438 0.035539
0 0.492188 0.248775 0.011719 0.039216
0 0.423828 0.240196 0.017578 0.024510
0 0.422363 0.297181 0.018555 0.033088
0 0.367188 0.266544 0.025391 0.040441
0 0.344727 0.202206 0.021484 0.039216
0 0.244629 0.147059 0.057617 0.083333
0 0.163086 0.191176 0.013672 0.019608
0 0.176270 0.272059 0.020508 0.026961
0 0.144531 0.226716 0.017578 0.026961
0 0.118164 0.200980 0.009766 0.017157
0 0.057617 0.257353 0.021484 0.034314
0 0.089355 0.294118 0.020508 0.026961
0 0.008301 0.307598 0.012695 0.017157