0 0.058594 0.529283 0.017578 0.027818
0 0.092285 0.667643 0.008789 0.020498
0 0.115723 0.650073 0.008789 0.020498
0 0.130371 0.590776 0.006836 0.013177
0 0.192383 0.680820 0.017578 0.040996
0 0.145020 0.744510 0.020508 0.033675
0 0.311523 0.546120 0.007812 0.014641
0 0.407227 0.542460 0.009766 0.019034
0 0.385742 0.536603 0.005859 0.010249
0 0.415039 0.532211 0.003906 0.010249
0 0.521484 0.541728 0.003906 0.011713
0 0.381836 0.647145 0.009766 0.017570
0 0.536621 0.689605 0.010742 0.014641
0 0.563965 0.674231 0.010742 0.024890
0 0.538086 0.590776 0.005859 0.013177
0 0.531250 0.591508 0.003906 0.008785
0 0.539551 0.549048 0.004883 0.011713
0 0.574707 0.543924 0.006836 0.013177
0 0.582520 0.618594 0.004883 0.013177
0 0.593262 0.594436 0.004883 0.008785
0 0.623047 0.546120 0.005859 0.008785
0 0.652344 0.761347 0.011719 0.029283
0 0.705078 0.686676 0.013672 0.026354
0 0.745117 0.686676 0.009766 0.023426
0 0.726074 0.633236 0.010742 0.019034
0 0.695312 0.609078 0.007812 0.014641
0 0.742188 0.608346 0.007812 0.016105
0 0.711426 0.540264 0.004883 0.011713
0 0.917969 0.541728 0.005859 0.014641
0 0.750000 0.545388 0.005859 0.013177
0 0.980957 0.634700 0.030273 0.077599