0 0.440430 0.550130 0.007812 0.022135
0 0.393555 0.622396 0.011719 0.018229
0 0.512207 0.639323 0.008789 0.013021
0 0.542480 0.593099 0.010742 0.016927
0 0.329102 0.416667 0.011719 0.013021
0 0.176270 0.444661 0.008789 0.014323
0 0.264160 0.356771 0.006836 0.010417
0 0.376465 0.434245 0.006836 0.014323
0 0.226562 0.388672 0.007812 0.011719
0 0.394531 0.335286 0.005859 0.011719
0 0.517578 0.494792 0.007812 0.020833
0 0.270508 0.320964 0.005859 0.006510
0 0.718750 0.419922 0.007812 0.011719
0 0.772461 0.423828 0.007812 0.011719
0 0.791016 0.409505 0.005859 0.011719
0 0.744629 0.693359 0.010742 0.019531
0 0.735840 0.641276 0.010742 0.016927
0 0.775879 0.585938 0.008789 0.015625
0 0.803711 0.565755 0.009766 0.016927
0 0.955078 0.582682 0.007812 0.019531
0 0.985840 0.503906 0.006836 0.015625
0 0.878418 0.479818 0.008789 0.014323
0 0.899902 0.427734 0.008789 0.016927
0 0.792969 0.384766 0.007812 0.011719
0 0.773926 0.406250 0.008789 0.010417
0 0.758301 0.438151 0.006836 0.011719
0 0.922852 0.494141 0.007812 0.014323
0 0.314453 0.431641 0.007812 0.011719
0 0.061523 0.425781 0.007812 0.013021
0 0.069336 0.449219 0.007812 0.015625
0 0.801758 0.670573 0.011719 0.015625
0 0.783203 0.718099 0.009766 0.019531