0 0.062500 0.295217 0.007812 0.010463
0 0.140625 0.281016 0.005859 0.011958
0 0.417480 0.420030 0.006836 0.014948
0 0.903320 0.408819 0.015625 0.037369
0 0.968750 0.417788 0.019531 0.040359
0 0.864258 0.494021 0.009766 0.019432
0 0.873047 0.517190 0.009766 0.014948
0 0.798340 0.458146 0.006836 0.013453
0 0.800781 0.485800 0.007812 0.017937
0 0.040527 0.286996 0.006836 0.011958
0 0.235352 0.331091 0.003906 0.007474
0 0.228027 0.332586 0.004883 0.010463
0 0.312012 0.320628 0.006836 0.013453
0 0.807129 0.412556 0.004883 0.011958
0 0.814453 0.477578 0.005859 0.013453
0 0.760254 0.477578 0.004883 0.010463
0 0.771973 0.487294 0.006836 0.011958
0 0.792969 0.485800 0.005859 0.011958
0 0.860840 0.511211 0.006836 0.008969
0 0.865234 0.535127 0.007812 0.014948
0 0.870605 0.553064 0.006836 0.011958
0 0.858887 0.528401 0.006836 0.013453
0 0.827637 0.505232 0.008789 0.014948