0 0.525391 0.206171 0.076172 0.078541
0 0.103027 0.694951 0.034180 0.029453
0 0.008301 0.697055 0.016602 0.016830
0 0.119141 0.703717 0.021484 0.020337
0 0.138672 0.699158 0.021484 0.019635
0 0.158203 0.701964 0.019531 0.019635
0 0.175781 0.705119 0.019531 0.018934
0 0.222168 0.713534 0.024414 0.018934
0 0.280273 0.706522 0.023438 0.024544
0 0.347656 0.731066 0.033203 0.028752
0 0.340332 0.704769 0.016602 0.018233
0 0.355957 0.702314 0.016602 0.018934
0 0.372070 0.704067 0.015625 0.016830
0 0.395996 0.710379 0.012695 0.015428
0 0.949219 0.721248 0.015625 0.017532
0 0.937500 0.721599 0.015625 0.016830
0 0.928711 0.732118 0.017578 0.015428
0 0.969727 0.711431 0.017578 0.021739