0 0.376465 0.415107 0.014648 0.022727
0 0.402344 0.421791 0.017578 0.028075
0 0.429199 0.417112 0.018555 0.032086
0 0.381836 0.442513 0.019531 0.034759
0 0.362305 0.459225 0.019531 0.033422
0 0.485840 0.409091 0.018555 0.034759
0 0.505371 0.410428 0.014648 0.032086
0 0.549316 0.422460 0.028320 0.050802
0 0.524414 0.471257 0.050781 0.078877
0 0.616211 0.464572 0.027344 0.060160
0 0.622559 0.416444 0.022461 0.036096
0 0.712402 0.471925 0.032227 0.050802
0 0.792480 0.536765 0.041992 0.065508
0 0.844727 0.471257 0.027344 0.046791
0 0.834961 0.545455 0.029297 0.050802
0 0.962891 0.521390 0.046875 0.090909
0 0.984375 0.453877 0.029297 0.057487
0 0.180664 0.213904 0.019531 0.026738