0 0.887207 0.227103 0.022461 0.057944
0 0.815430 0.212150 0.027344 0.054206
0 0.787598 0.188785 0.028320 0.059813
0 0.774414 0.149533 0.021484 0.048598
0 0.707520 0.214019 0.030273 0.072897
0 0.566895 0.262617 0.041992 0.084112
0 0.272461 0.213084 0.035156 0.063551
0 0.368652 0.259813 0.038086 0.071028
0 0.148926 0.183178 0.030273 0.056075
0 0.068848 0.181308 0.034180 0.071028
0 0.015625 0.050467 0.009766 0.022430
0 0.016602 0.027103 0.009766 0.020561
0 0.029297 0.016822 0.009766 0.022430
0 0.057617 0.012150 0.009766 0.020561
0 0.076660 0.006542 0.008789 0.013084
0 0.089844 0.020561 0.009766 0.022430
0 0.115723 0.020561 0.008789 0.022430
0 0.131836 0.010280 0.009766 0.020561
0 0.171875 0.039252 0.007812 0.018692
0 0.196777 0.034579 0.006836 0.016822
0 0.205566 0.036449 0.004883 0.016822
0 0.242676 0.030841 0.006836 0.013084
0 0.244141 0.011215 0.005859 0.014953
0 0.282715 0.022430 0.008789 0.014953
0 0.303711 0.014019 0.007812 0.020561
0 0.159668 0.019626 0.008789 0.016822
0 0.625977 0.058879 0.009766 0.028037
0 0.663086 0.023364 0.007812 0.020561