0 0.222656 0.446324 0.013672 0.025000
0 0.254395 0.452206 0.012695 0.022059
0 0.304199 0.479412 0.010742 0.017647
0 0.350098 0.476471 0.010742 0.020588
0 0.154785 0.431618 0.014648 0.025000
0 0.111328 0.484559 0.011719 0.019118
0 0.166504 0.437500 0.012695 0.022059
0 0.438965 0.450000 0.012695 0.026471
0 0.382812 0.474265 0.011719 0.025000
0 0.464355 0.464706 0.010742 0.023529
0 0.499023 0.475000 0.013672 0.023529
0 0.631836 0.466912 0.013672 0.027941
0 0.610840 0.472059 0.012695 0.023529
0 0.585938 0.478676 0.011719 0.025000
0 0.546875 0.472794 0.011719 0.025000
0 0.676758 0.478676 0.009766 0.019118
0 0.748047 0.486765 0.013672 0.023529