0 0.081543 0.693265 0.028320 0.057101
0 0.137207 0.699122 0.028320 0.054173
0 0.178711 0.674963 0.017578 0.038067
0 0.223145 0.680820 0.016602 0.035139
0 0.248047 0.677160 0.015625 0.027818
0 0.275879 0.688141 0.014648 0.023426
0 0.295898 0.669839 0.011719 0.027818
0 0.302734 0.680088 0.011719 0.024890
0 0.346191 0.667643 0.016602 0.029283
0 0.389648 0.684480 0.017578 0.027818
0 0.435547 0.683748 0.017578 0.026354
0 0.585449 0.676428 0.012695 0.023426
0 0.626465 0.685212 0.012695 0.026354
0 0.661133 0.685212 0.013672 0.029283
0 0.681152 0.688141 0.012695 0.029283
0 0.730469 0.699122 0.013672 0.027818
0 0.778320 0.699854 0.017578 0.035139
0 0.805176 0.719619 0.016602 0.036603