0 0.397461 0.336750 0.011719 0.023426
0 0.470215 0.363836 0.018555 0.036603
0 0.495605 0.348463 0.018555 0.032211
0 0.570312 0.325769 0.011719 0.019034
0 0.558594 0.365300 0.021484 0.039531
0 0.577148 0.365300 0.015625 0.036603
0 0.599121 0.380673 0.010742 0.020498
0 0.621094 0.316252 0.009766 0.020498
0 0.714844 0.323572 0.005859 0.014641
0 0.773926 0.362372 0.016602 0.030747
0 0.778809 0.321376 0.012695 0.021962
0 0.707520 0.325037 0.008789 0.020498
0 0.716797 0.158126 0.005859 0.011713
0 0.314453 0.196925 0.060547 0.118594