0 0.989746 0.486388 0.018555 0.047187
0 0.250488 0.393829 0.014648 0.036298
0 0.336426 0.425590 0.012695 0.027223
0 0.403320 0.445554 0.017578 0.034483
0 0.463379 0.474592 0.012695 0.027223
0 0.464355 0.425590 0.010742 0.027223
0 0.496094 0.405626 0.011719 0.023593
0 0.397949 0.336661 0.008789 0.019964
0 0.379883 0.344828 0.007812 0.021779
0 0.546875 0.401089 0.011719 0.025408
0 0.541504 0.479129 0.016602 0.036298
0 0.598145 0.410163 0.012695 0.025408
0 0.616211 0.414701 0.011719 0.023593
0 0.637695 0.401996 0.009766 0.023593
0 0.573242 0.465517 0.015625 0.038113
0 0.620117 0.481851 0.013672 0.034483
0 0.660156 0.492740 0.017578 0.030853
0 0.708496 0.423775 0.014648 0.030853
0 0.764160 0.440109 0.014648 0.030853
0 0.802246 0.453721 0.014648 0.039927
0 0.776855 0.442831 0.010742 0.025408
0 0.736328 0.431942 0.011719 0.025408
0 0.852539 0.465517 0.017578 0.034483
0 0.922852 0.456443 0.015625 0.038113
0 0.879395 0.384755 0.008789 0.025408
0 0.858887 0.352087 0.008789 0.018149