0 0.061035 0.301762 0.028320 0.048458
0 0.109375 0.300294 0.019531 0.042584
0 0.128906 0.372247 0.029297 0.060206
0 0.177246 0.343612 0.034180 0.052863
0 0.208008 0.276799 0.031250 0.045521
0 0.241211 0.313510 0.033203 0.051395
0 0.306152 0.344347 0.032227 0.063142
0 0.317871 0.275330 0.028320 0.051395
0 0.361328 0.378120 0.031250 0.054332
0 0.434082 0.294420 0.030273 0.054332
0 0.501953 0.324523 0.035156 0.061674
0 0.489258 0.279001 0.033203 0.049927
0 0.558105 0.298091 0.026367 0.055800
0 0.630371 0.286344 0.026367 0.055800
0 0.680664 0.320852 0.033203 0.063142
0 0.719727 0.306167 0.027344 0.051395
0 0.757324 0.296623 0.022461 0.055800
0 0.779785 0.312041 0.018555 0.045521
0 0.818359 0.309838 0.021484 0.044053
0 0.886719 0.308370 0.033203 0.076358
0 0.916992 0.273862 0.023438 0.042584
0 0.964844 0.298825 0.027344 0.051395
0 0.806641 0.320117 0.019531 0.035242
0 0.013672 0.299559 0.023438 0.044053
0 0.009277 0.367107 0.018555 0.046990