0 0.141602 0.285024 0.072266 0.148148
0 0.065430 0.347021 0.041016 0.088567
0 0.289062 0.107890 0.048828 0.093398
0 0.411621 0.095813 0.045898 0.088567
0 0.818359 0.368760 0.052734 0.103060
0 0.724609 0.364734 0.035156 0.078905
0 0.759766 0.111916 0.027344 0.049919
0 0.571289 0.167472 0.029297 0.064412
0 0.597656 0.120773 0.029297 0.057971
0 0.877441 0.135266 0.020508 0.048309
0 0.874023 0.061997 0.017578 0.043478
0 0.920410 0.031401 0.020508 0.040258
0 0.807129 0.061997 0.020508 0.046699
0 0.989746 0.062802 0.020508 0.061192
0 0.022949 0.066828 0.032227 0.078905
0 0.935059 0.190016 0.024414 0.054750