0 0.771973 0.389365 0.041992 0.078902
0 0.676758 0.244425 0.037109 0.070326
0 0.667969 0.418525 0.035156 0.072041
0 0.687500 0.407376 0.025391 0.060034
0 0.588379 0.337050 0.036133 0.073756
0 0.514160 0.327616 0.034180 0.072041
0 0.479004 0.389365 0.034180 0.068611
0 0.432617 0.368782 0.027344 0.061750
0 0.383789 0.361921 0.037109 0.065180
0 0.331055 0.306175 0.029297 0.066895
0 0.294434 0.355060 0.041992 0.082333
0 0.246094 0.326758 0.039062 0.080617
0 0.176758 0.131218 0.056641 0.128645
0 0.081543 0.335334 0.012695 0.025729
0 0.038086 0.328473 0.013672 0.029160
0 0.017090 0.314751 0.020508 0.032590