0 0.093262 0.307365 0.014648 0.025496
0 0.954102 0.375354 0.029297 0.050992
0 0.850098 0.449008 0.030273 0.050992
0 0.823730 0.349150 0.028320 0.052408
0 0.995117 0.363314 0.009766 0.046742
0 0.705078 0.419263 0.035156 0.059490
0 0.773438 0.348442 0.021484 0.039660
0 0.745605 0.335694 0.020508 0.042493
0 0.696777 0.333569 0.030273 0.046742
0 0.681152 0.338527 0.022461 0.042493
0 0.652832 0.321530 0.022461 0.039660
0 0.595215 0.310198 0.028320 0.045326
0 0.620605 0.324363 0.022461 0.036827
0 0.576172 0.320822 0.025391 0.038244
0 0.559570 0.314448 0.019531 0.036827
0 0.533691 0.298159 0.020508 0.035411
0 0.584473 0.399433 0.028320 0.050992
0 0.474121 0.368272 0.030273 0.048159
0 0.486328 0.313739 0.021484 0.041076
0 0.463867 0.311615 0.019531 0.033994
0 0.437988 0.314448 0.018555 0.033994
0 0.392090 0.296742 0.024414 0.041076
0 0.358887 0.356232 0.024414 0.046742
0 0.290039 0.294618 0.025391 0.042493
0 0.243652 0.338527 0.026367 0.045326
0 0.142090 0.321530 0.026367 0.045326
0 0.199219 0.281161 0.023438 0.041076
0 0.043457 0.326487 0.026367 0.046742
0 0.079590 0.269122 0.014648 0.025496
0 0.106445 0.262748 0.013672 0.024079
0 0.087891 0.242210 0.013672 0.022663
0 0.055176 0.234419 0.012695 0.021246
0 0.026367 0.240793 0.015625 0.025496
0 0.266113 0.268414 0.010742 0.021246
0 0.246094 0.264164 0.009766 0.018414
0 0.467773 0.252125 0.009766 0.019830
0 0.580078 0.250000 0.009766 0.018414
0 0.524902 0.262040 0.008789 0.016997
0 0.558594 0.267705 0.009766 0.016997
0 0.561035 0.241501 0.010742 0.018414
0 0.460938 0.231586 0.009766 0.018414
0 0.633301 0.252833 0.008789 0.018414
0 0.649414 0.254958 0.007812 0.016997
0 0.724609 0.254958 0.009766 0.014164
0 0.732422 0.271246 0.007812 0.015581
0 0.675781 0.254958 0.009766 0.016997
0 0.668945 0.198300 0.007812 0.014164
0 0.812500 0.234419 0.009766 0.015581
0 0.894531 0.356232 0.021484 0.032578
0 0.931641 0.348442 0.019531 0.036827
0 0.915527 0.325779 0.018555 0.033994
0 0.291016 0.237960 0.011719 0.019830
0 0.154297 0.250000 0.011719 0.021246
0 0.505859 0.240793 0.011719 0.019830
0 0.444824 0.252833 0.010742 0.018414
0 0.571777 0.230878 0.010742 0.016997