0 0.580078 0.224060 0.054688 0.105263
0 0.675781 0.169925 0.031250 0.051128
0 0.645020 0.181203 0.026367 0.046617
0 0.554199 0.176692 0.038086 0.064662
0 0.937988 0.173684 0.049805 0.091729
0 0.981445 0.169925 0.035156 0.072180
0 0.150391 0.145865 0.023438 0.042105
0 0.492188 0.112030 0.023438 0.040602
0 0.366699 0.250376 0.051758 0.100752
0 0.281250 0.246617 0.054688 0.102256
0 0.231934 0.210526 0.049805 0.084211
0 0.071777 0.233083 0.047852 0.081203
0 0.126953 0.196992 0.035156 0.060150
0 0.048828 0.193233 0.039062 0.076692
0 0.269531 0.160902 0.041016 0.078195
0 0.385254 0.133835 0.028320 0.045113
0 0.426270 0.202256 0.034180 0.067669
0 0.442383 0.145113 0.031250 0.058647
0 0.490723 0.230075 0.045898 0.084211
0 0.869141 0.177444 0.027344 0.060150
0 0.903809 0.130827 0.022461 0.045113
0 0.630371 0.139098 0.026367 0.040602
0 0.599121 0.132331 0.022461 0.045113
0 0.658203 0.130827 0.017578 0.039098
0 0.014160 0.195489 0.028320 0.060150
0 0.198730 0.205263 0.036133 0.082707
0 0.317871 0.176692 0.038086 0.082707
0 0.716309 0.151880 0.040039 0.075188