0 0.509277 0.726940 0.081055 0.159590
0 0.274902 0.044656 0.014648 0.036603
0 0.291504 0.032943 0.012695 0.030747
0 0.318848 0.025622 0.016602 0.036603
0 0.321289 0.092240 0.019531 0.038067
0 0.305664 0.069546 0.015625 0.036603
0 0.233398 0.095900 0.021484 0.030747
0 0.286133 0.140556 0.019531 0.049780
0 0.240234 0.024158 0.015625 0.024890
0 0.352539 0.068082 0.017578 0.030747
0 0.411133 0.035139 0.013672 0.035139
0 0.389160 0.243045 0.022461 0.079063
0 0.275879 0.311127 0.030273 0.074671
0 0.363770 0.319180 0.036133 0.081991
0 0.073730 0.270864 0.036133 0.084919
0 0.464844 0.263543 0.033203 0.061493
0 0.434082 0.413616 0.036133 0.077599
0 0.025391 0.062958 0.017578 0.032211
0 0.495605 0.125183 0.020508 0.051245
0 0.495605 0.061493 0.020508 0.038067
0 0.512207 0.021230 0.014648 0.030747
0 0.586914 0.104685 0.019531 0.036603
0 0.582031 0.205710 0.027344 0.051245
0 0.625488 0.025622 0.016602 0.027818
0 0.583496 0.008053 0.014648 0.016105
0 0.578613 0.066618 0.014648 0.030747
0 0.544922 0.053441 0.013672 0.030747
0 0.475098 0.065886 0.016602 0.035139
0 0.936035 0.216691 0.030273 0.081991
0 0.856934 0.077599 0.018555 0.035139
0 0.985352 0.210102 0.015625 0.054173
0 0.995605 0.223280 0.008789 0.054173
0 0.254883 0.190337 0.033203 0.090776
0 0.886230 0.024158 0.014648 0.033675
0 0.877930 0.026354 0.009766 0.020498