0 0.741699 0.238302 0.026367 0.064125
0 0.419434 0.189775 0.041992 0.091854
0 0.370605 0.266898 0.040039 0.097054
0 0.480469 0.404679 0.046875 0.098787
0 0.437988 0.523397 0.043945 0.114385
0 0.480957 0.797227 0.053711 0.135182
0 0.588867 0.626516 0.042969 0.098787
0 0.614258 0.848354 0.054688 0.129983
0 0.650879 0.707972 0.051758 0.123050
0 0.609863 0.409879 0.036133 0.091854
0 0.481445 0.244367 0.052734 0.097054
0 0.538574 0.220971 0.043945 0.105719
0 0.599121 0.251300 0.051758 0.124783
0 0.662109 0.159445 0.046875 0.117851
0 0.699707 0.301560 0.053711 0.117851
0 0.726562 0.439341 0.054688 0.109185
0 0.781738 0.340555 0.045898 0.119584
0 0.785645 0.232236 0.045898 0.097054
0 0.887207 0.331889 0.049805 0.102253
0 0.898438 0.451473 0.052734 0.105719
0 0.879395 0.605719 0.051758 0.109185
0 0.778809 0.871750 0.049805 0.110919
0 0.833008 0.860485 0.062500 0.119584
0 0.712891 0.189775 0.039062 0.095321
0 0.848633 0.239168 0.027344 0.097054
0 0.633789 0.149047 0.031250 0.076256