0 0.958984 0.205217 0.021484 0.048696
0 0.143555 0.226087 0.041016 0.086957
0 0.240723 0.230435 0.038086 0.085217
0 0.207031 0.191304 0.027344 0.080000
0 0.129883 0.140000 0.019531 0.043478
0 0.108398 0.166957 0.017578 0.052174
0 0.289551 0.170435 0.024414 0.052174
0 0.397461 0.146957 0.015625 0.040000
0 0.421875 0.133043 0.013672 0.036522
0 0.754883 0.323478 0.048828 0.118261
0 0.955078 0.310435 0.058594 0.109565
0 0.797852 0.238261 0.033203 0.069565
0 0.447754 0.200000 0.030273 0.073043
0 0.577637 0.246957 0.028320 0.073043
0 0.624512 0.144348 0.014648 0.038261
0 0.679688 0.173043 0.015625 0.033043
0 0.494629 0.162609 0.014648 0.040000
0 0.558105 0.178261 0.012695 0.029565
0 0.825195 0.186957 0.017578 0.046957
0 0.293457 0.308696 0.032227 0.067826
0 0.265137 0.156522 0.022461 0.055652
0 0.515137 0.480870 0.075195 0.175652
0 0.062500 0.220870 0.042969 0.100870
0 0.837891 0.271304 0.023438 0.052174
0 0.732422 0.232174 0.027344 0.071304
0 0.192383 0.178261 0.023438 0.064348
0 0.346191 0.301739 0.045898 0.106087