0 0.410645 0.267760 0.008789 0.018215
0 0.436523 0.275956 0.007812 0.020036
0 0.453125 0.280510 0.007812 0.018215
0 0.479004 0.272313 0.006836 0.016393
0 0.552246 0.286885 0.006836 0.016393
0 0.575195 0.316940 0.005859 0.014572
0 0.592773 0.314208 0.009766 0.023679
0 0.646484 0.327869 0.009766 0.025501
0 0.771973 0.330601 0.012695 0.038251
0 0.719238 0.324226 0.028320 0.058288
0 0.797363 0.357013 0.006836 0.021858
0 0.976074 0.399818 0.026367 0.067395
0 0.857910 0.388889 0.010742 0.027322
0 0.932617 0.342441 0.011719 0.021858
0 0.848145 0.342441 0.006836 0.014572
0 0.882812 0.378871 0.007812 0.018215
0 0.869141 0.350638 0.005859 0.012750
0 0.537598 0.299636 0.008789 0.016393
0 0.493164 0.291439 0.005859 0.014572
0 0.512207 0.302368 0.010742 0.029144