0 0.870605 0.383464 0.040039 0.058594
0 0.795410 0.404297 0.045898 0.069010
0 0.720703 0.550130 0.046875 0.076823
0 0.820312 0.216146 0.031250 0.044271
0 0.957520 0.279948 0.028320 0.049479
0 0.422852 0.455078 0.019531 0.037760
0 0.375000 0.472656 0.021484 0.036458
0 0.342773 0.660807 0.046875 0.069010
0 0.200195 0.571615 0.023438 0.033854
0 0.276367 0.552083 0.017578 0.031250
0 0.391602 0.585286 0.023438 0.042969
0 0.143066 0.757812 0.036133 0.046875
0 0.048340 0.785807 0.030273 0.048177
0 0.212402 0.641927 0.026367 0.046875
0 0.479492 0.661458 0.044922 0.078125
0 0.136719 0.598958 0.019531 0.036458
0 0.218262 0.574219 0.016602 0.028646
0 0.580566 0.345052 0.034180 0.067708