0 0.143555 0.497645 0.023438 0.047096
0 0.289551 0.559655 0.020508 0.042386
0 0.437012 0.572998 0.022461 0.050235
0 0.234863 0.773155 0.024414 0.048666
0 0.077637 0.703297 0.018555 0.050235
0 0.079590 0.819466 0.020508 0.043956
0 0.103027 0.861852 0.024414 0.050235
0 0.068359 0.967818 0.021484 0.045526
0 0.664551 0.500000 0.018555 0.039246
0 0.500000 0.297488 0.021484 0.042386
0 0.440918 0.189953 0.018555 0.043956
0 0.541016 0.276295 0.019531 0.050235
0 0.657715 0.793564 0.028320 0.039246
0 0.950195 0.206436 0.017578 0.042386
0 0.848145 0.127943 0.016602 0.039246
0 0.897461 0.145212 0.019531 0.045526
0 0.595215 0.430141 0.020508 0.043956