0 0.234375 0.486823 0.009766 0.019034
0 0.209473 0.505124 0.006836 0.014641
0 0.201172 0.494876 0.005859 0.011713
0 0.181641 0.497804 0.005859 0.011713
0 0.172363 0.494876 0.006836 0.011713
0 0.158203 0.500732 0.005859 0.011713
0 0.147949 0.495608 0.004883 0.010249
0 0.136230 0.498536 0.004883 0.010249
0 0.126953 0.494876 0.005859 0.011713
0 0.117188 0.500732 0.005859 0.008785
0 0.103516 0.505124 0.005859 0.011713
0 0.092285 0.491947 0.004883 0.008785
0 0.574219 0.491947 0.013672 0.029283
0 0.588379 0.488287 0.012695 0.021962
0 0.604980 0.499268 0.008789 0.020498
0 0.613770 0.488287 0.010742 0.021962
0 0.625977 0.493411 0.013672 0.026354
0 0.650391 0.494876 0.015625 0.032211
0 0.669922 0.494143 0.009766 0.024890
0 0.693359 0.466325 0.017578 0.033675
0 0.720703 0.510981 0.015625 0.035139
0 0.750488 0.479502 0.016602 0.036603
0 0.813477 0.453148 0.017578 0.042460
0 0.862305 0.461201 0.015625 0.043924
0 0.928711 0.514641 0.009766 0.019034
0 0.948730 0.516837 0.010742 0.020498
0 0.985352 0.501464 0.029297 0.095168
0 0.016602 0.500000 0.003906 0.010249
0 0.060547 0.512445 0.003906 0.008785
0 0.082520 0.505857 0.004883 0.007321
0 0.257324 0.497804 0.004883 0.011713
0 0.283203 0.488287 0.011719 0.019034
0 0.275879 0.494143 0.008789 0.016105
0 0.292480 0.494876 0.006836 0.014641
0 0.308105 0.493411 0.010742 0.020498
0 0.341797 0.501464 0.009766 0.019034
0 0.364258 0.488287 0.011719 0.021962
0 0.375977 0.477306 0.009766 0.017570
0 0.399902 0.478038 0.010742 0.021962
0 0.412598 0.475842 0.012695 0.023426
0 0.429199 0.488287 0.010742 0.021962
0 0.446777 0.486091 0.012695 0.026354
0 0.477539 0.474378 0.015625 0.029283
0 0.490723 0.478038 0.010742 0.024890
0 0.522461 0.481698 0.007812 0.020498
0 0.529297 0.503660 0.011719 0.023426
0 0.537598 0.485359 0.008789 0.021962
0 0.557129 0.487555 0.008789 0.023426
0 0.822754 0.506589 0.010742 0.020498
0 0.226074 0.490483 0.006836 0.011713
0 0.249023 0.502928 0.005859 0.013177
0 0.762695 0.532211 0.009766 0.021962