0 0.090332 0.442251 0.020508 0.039474
0 0.115234 0.446637 0.017578 0.033626
0 0.182617 0.447368 0.015625 0.032164
0 0.210938 0.450292 0.017578 0.029240
0 0.243652 0.470760 0.018555 0.035088
0 0.261230 0.432018 0.020508 0.039474
0 0.291992 0.457602 0.013672 0.026316
0 0.337891 0.451023 0.019531 0.030702
0 0.452148 0.440058 0.015625 0.040936
0 0.499023 0.461988 0.015625 0.035088
0 0.515137 0.451023 0.014648 0.027778
0 0.562988 0.417398 0.018555 0.051170
0 0.588867 0.430556 0.019531 0.039474
0 0.658203 0.427632 0.021484 0.042398
0 0.716797 0.417398 0.019531 0.036550
0 0.724609 0.431287 0.015625 0.038012
0 0.757324 0.467836 0.020508 0.043860
0 0.737793 0.542398 0.020508 0.043860
0 0.806641 0.432018 0.021484 0.039474
0 0.798828 0.541667 0.025391 0.045322
0 0.853027 0.440058 0.016602 0.032164
0 0.871582 0.399123 0.030273 0.052632
0 0.923340 0.434211 0.020508 0.032164
0 0.947266 0.442251 0.015625 0.039474
0 0.975098 0.360380 0.012695 0.062865