0 0.900879 0.271994 0.038086 0.068915
0 0.994141 0.294721 0.011719 0.067449
0 0.786621 0.309384 0.043945 0.070381
0 0.723633 0.288856 0.041016 0.079179
0 0.625000 0.285191 0.039062 0.074780
0 0.495605 0.303519 0.043945 0.079179
0 0.421387 0.214809 0.041992 0.063050
0 0.389648 0.154692 0.011719 0.021994
0 0.416504 0.354839 0.045898 0.082111
0 0.324707 0.311584 0.045898 0.086510
0 0.253418 0.291056 0.045898 0.086510
0 0.170410 0.357038 0.049805 0.086510
0 0.061523 0.382698 0.046875 0.079179
0 0.007324 0.368768 0.014648 0.077713