0 0.055176 0.351562 0.020508 0.036458
0 0.033203 0.339844 0.017578 0.026042
0 0.008301 0.364583 0.008789 0.020833
0 0.257812 0.323568 0.027344 0.042969
0 0.339844 0.339193 0.023438 0.040365
0 0.398438 0.367839 0.027344 0.048177
0 0.413086 0.320312 0.023438 0.039062
0 0.506348 0.334635 0.020508 0.036458
0 0.508301 0.382161 0.024414 0.048177
0 0.584961 0.341146 0.017578 0.039062
0 0.589844 0.365885 0.023438 0.041667
0 0.672363 0.319010 0.024414 0.036458
0 0.694824 0.382812 0.028320 0.046875
0 0.760742 0.367188 0.019531 0.052083
0 0.780762 0.372396 0.026367 0.059896
0 0.803711 0.365885 0.035156 0.057292
0 0.920898 0.331380 0.029297 0.035156
0 0.971191 0.432292 0.057617 0.166667
0 0.951660 0.368490 0.022461 0.046875
0 0.817383 0.416016 0.039062 0.092448
0 0.856445 0.481771 0.041016 0.078125