0 0.022461 0.770864 0.013672 0.016105
0 0.034668 0.771596 0.010742 0.013177
0 0.070312 0.767936 0.015625 0.014641
0 0.105957 0.765739 0.018555 0.016105
0 0.085938 0.762079 0.009766 0.008785
0 0.149902 0.770498 0.014648 0.012445
0 0.165527 0.755124 0.016602 0.015373
0 0.211914 0.764275 0.013672 0.014641
0 0.234863 0.764275 0.012695 0.013177
0 0.264160 0.759517 0.012695 0.013909
0 0.285156 0.756955 0.013672 0.013177
0 0.317383 0.770864 0.013672 0.011713
0 0.324707 0.751830 0.012695 0.011713
0 0.337402 0.762445 0.014648 0.018302
0 0.352539 0.760249 0.011719 0.010981
0 0.395508 0.753660 0.013672 0.015373
0 0.409180 0.760249 0.015625 0.015373
0 0.481445 0.759151 0.015625 0.016105
0 0.515625 0.772694 0.013672 0.013909
0 0.527832 0.758419 0.012695 0.013177
0 0.501953 0.747438 0.009766 0.010249
0 0.557617 0.751098 0.015625 0.016105
0 0.576172 0.747072 0.011719 0.010981
0 0.604492 0.740117 0.015625 0.014641
0 0.626465 0.759517 0.014648 0.012445
0 0.662598 0.749634 0.016602 0.017570
0 0.680664 0.749634 0.013672 0.013177
0 0.729980 0.743777 0.016602 0.014641
0 0.793457 0.760249 0.016602 0.013909
0 0.834961 0.751830 0.017578 0.019034
0 0.921875 0.766471 0.017578 0.014641
0 0.970703 0.758053 0.011719 0.013909
0 0.991699 0.761713 0.012695 0.012445
0 0.186523 0.759883 0.013672 0.013177