0 0.078613 0.415835 0.018555 0.017118
0 0.077148 0.433666 0.013672 0.017118
0 0.130859 0.382311 0.041016 0.042796
0 0.199707 0.374108 0.043945 0.047789
0 0.244629 0.405492 0.030273 0.024964
0 0.315918 0.419044 0.018555 0.016405
0 0.344727 0.415478 0.015625 0.014979
0 0.054688 0.443295 0.007812 0.009272
0 0.686035 0.402996 0.030273 0.029957
0 0.692383 0.372325 0.031250 0.027104
0 0.780762 0.441869 0.032227 0.033524
0 0.844727 0.387304 0.017578 0.015692
0 0.879883 0.384807 0.025391 0.027817
0 0.897461 0.398359 0.031250 0.027817
0 0.919434 0.467546 0.030273 0.030670
0 0.950195 0.394437 0.011719 0.011412
0 0.500488 0.815621 0.100586 0.043509