0 0.456055 0.114383 0.113281 0.112118
0 0.614746 0.151472 0.112305 0.095696
0 0.024902 0.045300 0.024414 0.026048
0 0.055664 0.047848 0.025391 0.024349
0 0.093750 0.087203 0.037109 0.033975
0 0.150879 0.098811 0.040039 0.035674
0 0.217285 0.084371 0.040039 0.033975
0 0.267090 0.057475 0.040039 0.032276
0 0.303223 0.064836 0.028320 0.024349
0 0.161133 0.022933 0.025391 0.022084
0 0.526855 0.032843 0.043945 0.033975
0 0.663574 0.033409 0.047852 0.026048
0 0.661133 0.055776 0.039062 0.034541
0 0.795410 0.039354 0.034180 0.025481
0 0.862305 0.047282 0.044922 0.034541
0 0.799805 0.110985 0.046875 0.035108
0 0.526367 0.112401 0.072266 0.075311
0 0.958008 0.368347 0.083984 0.067384
0 0.980469 0.024915 0.039062 0.037373
0 0.893555 0.008777 0.035156 0.016421
0 0.188965 0.072763 0.030273 0.025481
0 0.600098 0.072197 0.038086 0.031144
0 0.771973 0.131370 0.034180 0.048698
0 0.470215 0.035674 0.032227 0.023783
0 0.597656 0.048698 0.023438 0.019253
0 0.014160 0.090600 0.024414 0.032843