0 0.516602 0.210258 0.097656 0.056989
0 0.377441 0.273845 0.071289 0.044991
0 0.018555 0.587882 0.037109 0.031194
0 0.078613 0.690462 0.016602 0.014397
0 0.143555 0.704859 0.021484 0.015597
0 0.135742 0.697660 0.015625 0.014397
0 0.124512 0.688962 0.012695 0.013797
0 0.166016 0.665867 0.013672 0.010798
0 0.775879 0.694361 0.016602 0.013797
0 0.725586 0.689862 0.013672 0.013197
0 0.833984 0.685663 0.013672 0.011998
0 0.861328 0.681764 0.015625 0.012597
0 0.879395 0.684463 0.014648 0.010798
0 0.895996 0.685063 0.010742 0.009598
0 0.953613 0.686263 0.014648 0.010798
0 0.921387 0.687163 0.010742 0.011398
0 0.912109 0.682364 0.009766 0.008998
0 0.774902 0.678464 0.010742 0.009598
0 0.791016 0.686263 0.009766 0.010798
0 0.804688 0.692561 0.011719 0.010198
0 0.941895 0.672765 0.010742 0.007798
0 0.159668 0.692861 0.014648 0.010798
0 0.131348 0.655669 0.010742 0.008398
0 0.184082 0.703659 0.016602 0.013197
0 0.205566 0.722555 0.020508 0.017397
0 0.225098 0.686563 0.014648 0.012597
0 0.218750 0.712358 0.021484 0.016197
0 0.186523 0.697061 0.017578 0.013197
0 0.255859 0.702759 0.025391 0.018596
0 0.238770 0.652070 0.012695 0.009598
0 0.561523 0.695861 0.015625 0.013197
0 0.502930 0.694361 0.013672 0.010198
0 0.520508 0.686263 0.009766 0.009598
0 0.530762 0.664967 0.010742 0.008998
0 0.532715 0.718656 0.018555 0.019196
0 0.033691 0.565687 0.010742 0.007199
0 0.032715 0.504499 0.008789 0.004799
0 0.090332 0.516497 0.010742 0.008398
0 0.121582 0.520696 0.006836 0.005999
0 0.147949 0.519796 0.008789 0.006599
0 0.171875 0.522196 0.009766 0.005399
0 0.192871 0.522795 0.008789 0.006599
0 0.223633 0.517097 0.009766 0.007199
0 0.238281 0.523695 0.007812 0.005999
0 0.255859 0.522795 0.007812 0.006599
0 0.060059 0.572585 0.010742 0.007798
0 0.076660 0.572585 0.010742 0.006599
0 0.083496 0.584883 0.012695 0.010798
0 0.055664 0.586983 0.011719 0.008998
0 0.105957 0.588482 0.010742 0.009598
0 0.107910 0.597780 0.008789 0.006599
0 0.098633 0.612777 0.011719 0.008998
0 0.083496 0.600180 0.010742 0.008998
0 0.120117 0.598680 0.009766 0.007199
0 0.128906 0.607379 0.009766 0.006599
0 0.147949 0.583683 0.008789 0.008398
0 0.152344 0.571086 0.009766 0.007199
0 0.161621 0.582184 0.008789 0.006599
0 0.150879 0.597181 0.008789 0.007798
0 0.191895 0.595381 0.008789 0.007798
0 0.188965 0.572585 0.010742 0.007798
0 0.151367 0.538092 0.011719 0.008398
0 0.244629 0.576185 0.010742 0.007798
0 0.229492 0.601080 0.009766 0.008398
0 0.247559 0.603179 0.008789 0.007798
0 0.209473 0.616677 0.010742 0.007199
0 0.250000 0.613377 0.009766 0.006599
0 0.104004 0.710858 0.028320 0.019196
0 0.094238 0.625075 0.012695 0.009598
0 0.109375 0.619076 0.009766 0.007199
0 0.121582 0.622675 0.010742 0.007199
0 0.116699 0.633173 0.010742 0.007798
0 0.099121 0.645771 0.014648 0.010198
0 0.123535 0.642172 0.014648 0.008998
0 0.139160 0.637972 0.010742 0.007798
0 0.151855 0.634373 0.010742 0.007798
0 0.171875 0.638872 0.009766 0.008398
0 0.197266 0.624175 0.011719 0.011398
0 0.176758 0.618476 0.011719 0.007199
0 0.203613 0.634973 0.012695 0.011398
0 0.229004 0.624775 0.012695 0.008998
0 0.231445 0.661068 0.011719 0.010798
0 0.209473 0.649070 0.010742 0.008398
0 0.205566 0.657768 0.012695 0.010198
0 0.187500 0.673665 0.013672 0.011998
0 0.203125 0.687163 0.015625 0.012597
0 0.208008 0.677564 0.013672 0.010198
0 0.198730 0.670366 0.010742 0.008998
0 0.227051 0.676065 0.012695 0.010798
0 0.241699 0.637073 0.012695 0.008398
0 0.154297 0.656869 0.011719 0.007199
0 0.495605 0.666167 0.016602 0.012597
0 0.559570 0.684463 0.017578 0.008398
0 0.528809 0.683563 0.010742 0.008998
0 0.757812 0.682963 0.013672 0.010198
0 0.766602 0.662567 0.011719 0.007798
0 0.801758 0.664367 0.013672 0.007798
0 0.743164 0.694361 0.015625 0.011398
0 0.782715 0.660468 0.008789 0.007199
0 0.779297 0.654169 0.007812 0.005399
0 0.790039 0.648770 0.009766 0.006599
0 0.846680 0.652669 0.011719 0.009598
0 0.873535 0.660468 0.010742 0.008398
0 0.886719 0.661968 0.009766 0.006599
0 0.894043 0.669466 0.008789 0.009598
0 0.905273 0.675165 0.009766 0.006599
0 0.929688 0.671566 0.011719 0.008998
0 0.648438 0.588182 0.007812 0.006599
0 0.674316 0.588182 0.008789 0.007798
0 0.693359 0.588482 0.007812 0.007199
0 0.848633 0.608578 0.009766 0.008998
0 0.860840 0.599280 0.008789 0.008398
0 0.870117 0.599280 0.007812 0.007199
0 0.924316 0.617277 0.012695 0.009598
0 0.818848 0.613677 0.010742 0.007199
0 0.011719 0.505399 0.009766 0.007798
0 0.028320 0.470306 0.007812 0.004799
0 0.054199 0.470606 0.008789 0.005399
0 0.078125 0.475405 0.007812 0.006599
0 0.118164 0.419316 0.007812 0.005999
0 0.147949 0.420216 0.006836 0.005399
0 0.115723 0.670066 0.012695 0.010798
0 0.148926 0.672466 0.010742 0.008398
0 0.121094 0.584283 0.011719 0.008398