0 0.101562 0.432452 0.027344 0.057269
0 0.191895 0.527166 0.041992 0.076358
0 0.239258 0.521292 0.023438 0.026432
0 0.246582 0.532305 0.038086 0.048458
0 0.275391 0.574156 0.027344 0.058737
0 0.357422 0.490455 0.027344 0.064611
0 0.337891 0.413363 0.021484 0.045521
0 0.486328 0.497797 0.029297 0.064611
0 0.197266 0.335536 0.015625 0.024963
0 0.422852 0.325991 0.011719 0.023495
0 0.597168 0.302496 0.010742 0.026432
0 0.841309 0.621145 0.032227 0.079295
0 0.967285 0.546256 0.034180 0.073421
0 0.641113 0.433186 0.016602 0.049927
0 0.729492 0.530103 0.033203 0.041116
0 0.649414 0.327460 0.009766 0.020558
0 0.793945 0.351689 0.013672 0.027900
0 0.779785 0.312775 0.008789 0.020558
0 0.837891 0.358297 0.013672 0.026432
0 0.899414 0.370044 0.015625 0.029369
0 0.943359 0.354626 0.017578 0.027900
0 0.965820 0.349486 0.015625 0.029369
0 0.969238 0.384728 0.018555 0.032305
0 0.815430 0.309838 0.013672 0.023495
0 0.315430 0.732746 0.042969 0.091043
0 0.500000 0.767254 0.054688 0.104258
0 0.443359 0.318649 0.009766 0.020558
0 0.683105 0.376652 0.016602 0.019090
0 0.109863 0.678414 0.041992 0.085169
0 0.151855 0.367107 0.012695 0.017621
0 0.366211 0.332599 0.009766 0.019090
0 0.390137 0.328194 0.012695 0.019090
0 0.470703 0.303965 0.011719 0.020558
0 0.456543 0.340675 0.010742 0.023495
0 0.485840 0.328194 0.010742 0.019090
0 0.492188 0.307636 0.009766 0.013216
0 0.509277 0.305433 0.012695 0.020558
0 0.512207 0.345081 0.014648 0.023495
0 0.494629 0.375184 0.012695 0.019090
0 0.531250 0.313510 0.009766 0.019090
0 0.556152 0.356094 0.010742 0.019090
0 0.540039 0.334802 0.009766 0.020558
0 0.569824 0.322320 0.008789 0.013216
0 0.562988 0.354626 0.010742 0.022026
0 0.584961 0.333333 0.009766 0.017621
0 0.600586 0.357562 0.013672 0.022026
0 0.624512 0.350954 0.014648 0.026432
0 0.636230 0.359031 0.012695 0.022026
0 0.617188 0.331131 0.011719 0.024963
0 0.628418 0.317915 0.010742 0.019090
0 0.659180 0.294420 0.009766 0.019090
0 0.683105 0.327460 0.010742 0.023495
0 0.673340 0.355360 0.012695 0.032305
0 0.670410 0.328194 0.012695 0.022026
0 0.556152 0.249633 0.006836 0.011747
0 0.573242 0.250367 0.005859 0.010279
0 0.515625 0.275330 0.007812 0.013216
0 0.710449 0.316446 0.008789 0.019090
0 0.721680 0.311307 0.009766 0.017621
0 0.748535 0.318649 0.012695 0.026432
0 0.763184 0.339941 0.014648 0.022026
0 0.781250 0.357562 0.015625 0.027900
0 0.817871 0.353891 0.014648 0.026432
0 0.871094 0.353157 0.013672 0.022026
0 0.900391 0.318649 0.013672 0.023495
0 0.913086 0.330396 0.017578 0.029369
0 0.796875 0.255507 0.005859 0.008811
0 0.910156 0.258443 0.005859 0.008811
0 0.918945 0.276065 0.009766 0.017621
0 0.007812 0.513216 0.015625 0.054332