0 0.487793 0.280766 0.077148 0.057480
0 0.614746 0.393147 0.059570 0.056743
0 0.113770 0.847458 0.034180 0.036846
0 0.246582 0.900147 0.026367 0.030214
0 0.167480 0.805085 0.028320 0.031688
0 0.368652 0.830877 0.032227 0.030214
0 0.492676 0.833825 0.030273 0.031688
0 0.472656 0.808401 0.031250 0.032424
0 0.547852 0.897568 0.031250 0.030951
0 0.056152 0.798821 0.028320 0.029477
0 0.678223 0.894989 0.030273 0.033161
0 0.872070 0.904569 0.029297 0.030214
0 0.983887 0.846721 0.024414 0.032424
0 0.706543 0.840088 0.028320 0.028003
0 0.677734 0.811349 0.027344 0.028003
0 0.104980 0.906780 0.032227 0.027266
0 0.334473 0.785188 0.022461 0.024318
0 0.022949 0.767133 0.014648 0.028003
0 0.196289 0.751290 0.021484 0.024318
0 0.210938 0.709654 0.021484 0.022108
0 0.166016 0.678703 0.021484 0.020634
0 0.133301 0.701548 0.020508 0.023581
0 0.087891 0.667649 0.021484 0.022108
0 0.279785 0.719602 0.018555 0.021371
0 0.263672 0.756817 0.019531 0.020634
0 0.398926 0.756448 0.022461 0.018423
0 0.191895 0.648489 0.016602 0.017686
0 0.237305 0.647752 0.017578 0.019160
0 0.250488 0.679440 0.018555 0.019160
0 0.118652 0.645173 0.016602 0.018423
0 0.122559 0.616065 0.020508 0.022108
0 0.301758 0.657332 0.019531 0.020634
0 0.195801 0.623803 0.020508 0.021371
0 0.046387 0.616065 0.020508 0.017686
0 0.548828 0.775976 0.021484 0.026529
0 0.628906 0.795136 0.019531 0.020634
0 0.657715 0.800295 0.020508 0.026529
0 0.545898 0.720707 0.019531 0.025055
0 0.744629 0.824245 0.022461 0.022845
0 0.735352 0.798821 0.023438 0.025055
0 0.763672 0.796242 0.023438 0.022845
0 0.686035 0.789241 0.024414 0.025055
0 0.691895 0.761975 0.022461 0.019160
0 0.834961 0.731761 0.019531 0.020634
0 0.897461 0.761238 0.025391 0.023581
0 0.943359 0.812454 0.023438 0.024318
0 0.900879 0.698968 0.016602 0.016949
0 0.766113 0.701548 0.018555 0.019160
0 0.953125 0.702284 0.017578 0.019160
0 0.875977 0.742078 0.019531 0.016212
0 0.307129 0.697494 0.016602 0.015475
0 0.406738 0.717391 0.020508 0.018423
0 0.310547 0.633382 0.015625 0.018423
0 0.399414 0.802874 0.027344 0.025792
0 0.766113 0.669860 0.020508 0.017686
0 0.973145 0.735814 0.018555 0.016949
0 0.823242 0.642225 0.019531 0.016949
0 0.947754 0.653279 0.016602 0.018423
0 0.967773 0.675387 0.015625 0.015475
0 0.834473 0.707811 0.018555 0.016949