0 0.249512 0.530382 0.008789 0.019097
0 0.289062 0.509549 0.007812 0.015625
0 0.217285 0.516493 0.008789 0.022569
0 0.215820 0.475694 0.007812 0.013889
0 0.026367 0.458333 0.009766 0.020833
0 0.171875 0.453125 0.013672 0.020833
0 0.435547 0.535590 0.007812 0.019097
0 0.470215 0.547743 0.006836 0.015625
0 0.403809 0.555556 0.006836 0.017361
0 0.370605 0.539931 0.006836 0.013889
0 0.723145 0.519965 0.008789 0.019097
0 0.789062 0.512153 0.007812 0.017361
0 0.606445 0.548611 0.007812 0.017361
0 0.553711 0.537326 0.009766 0.019097
0 0.843262 0.354167 0.014648 0.038194
0 0.149902 0.427951 0.016602 0.029514
0 0.195801 0.480035 0.012695 0.022569
0 0.233398 0.562500 0.005859 0.013889