0 0.500488 0.065041 0.008789 0.026016
0 0.569336 0.083740 0.009766 0.024390
0 0.611816 0.081301 0.008789 0.022764
0 0.653809 0.078862 0.010742 0.021138
0 0.674316 0.206504 0.012695 0.026016
0 0.665039 0.145528 0.009766 0.021138
0 0.775391 0.139837 0.009766 0.029268
0 0.819824 0.158537 0.012695 0.027642
0 0.905273 0.156911 0.011719 0.021138
0 0.935547 0.229268 0.009766 0.022764
0 0.952637 0.166667 0.008789 0.024390
0 0.849609 0.281301 0.013672 0.022764
0 0.904785 0.281301 0.012695 0.026016
0 0.929688 0.292683 0.011719 0.026016
0 0.899414 0.408130 0.015625 0.029268
0 0.839844 0.408943 0.013672 0.027642
0 0.737305 0.541463 0.015625 0.032520
0 0.679199 0.460976 0.014648 0.034146
0 0.630371 0.436585 0.014648 0.043902
0 0.546875 0.433333 0.013672 0.027642
0 0.512695 0.487805 0.015625 0.032520
0 0.502930 0.420325 0.013672 0.030894
0 0.466309 0.238211 0.010742 0.027642
0 0.414551 0.405691 0.010742 0.027642
0 0.526367 0.249593 0.009766 0.021138
0 0.291992 0.462602 0.011719 0.027642
0 0.337402 0.461789 0.010742 0.032520
0 0.325195 0.514634 0.013672 0.043902
0 0.486328 0.601626 0.013672 0.035772
0 0.543457 0.600813 0.014648 0.040650
0 0.387695 0.679675 0.019531 0.045528
0 0.643066 0.630081 0.014648 0.034146
0 0.687988 0.622764 0.014648 0.039024
0 0.735840 0.628455 0.014648 0.034146
0 0.798340 0.628455 0.014648 0.037398
0 0.852539 0.647154 0.013672 0.035772
0 0.912109 0.660976 0.013672 0.034146
0 0.084961 0.683740 0.015625 0.043902
0 0.974609 0.226829 0.009766 0.024390
0 0.697754 0.150407 0.010742 0.024390
0 0.828613 0.023577 0.010742 0.027642
0 0.869629 0.013008 0.012695 0.026016
0 0.739746 0.017886 0.012695 0.026016
0 0.737793 0.158537 0.010742 0.024390
0 0.577148 0.544715 0.013672 0.035772