0 0.385742 0.111979 0.099609 0.190104
0 0.854980 0.134766 0.030273 0.055990
0 0.660156 0.271484 0.023438 0.040365
0 0.308594 0.445964 0.029297 0.063802
0 0.214355 0.768229 0.057617 0.127604
0 0.812500 0.559245 0.007812 0.016927
0 0.820801 0.659505 0.010742 0.024740
0 0.960938 0.735677 0.003906 0.007812
0 0.967285 0.751302 0.004883 0.007812
0 0.986816 0.750651 0.004883 0.009115
0 0.994629 0.735677 0.004883 0.010417
0 0.987793 0.761719 0.004883 0.007812
0 0.966309 0.761068 0.004883 0.006510
0 0.971191 0.773438 0.004883 0.010417
0 0.976562 0.790365 0.005859 0.010417
0 0.990234 0.777995 0.005859 0.009115
0 0.989746 0.809245 0.004883 0.009115
0 0.885742 0.832682 0.005859 0.011719
0 0.862793 0.869141 0.006836 0.011719
0 0.880371 0.848307 0.006836 0.011719
0 0.946289 0.843099 0.005859 0.009115
0 0.870605 0.774740 0.004883 0.007812
0 0.881836 0.794271 0.005859 0.010417
0 0.878906 0.807943 0.005859 0.009115
0 0.862793 0.837240 0.004883 0.007812
0 0.900879 0.811198 0.004883 0.010417
0 0.881348 0.708984 0.004883 0.009115
0 0.860840 0.696615 0.004883 0.007812
0 0.861328 0.731771 0.003906 0.005208
0 0.882812 0.729818 0.003906 0.006510
0 0.821777 0.763021 0.006836 0.013021
0 0.864746 0.914062 0.006836 0.010417
0 0.872070 0.898438 0.005859 0.010417
0 0.876953 0.885417 0.005859 0.010417
0 0.922363 0.897786 0.004883 0.009115
0 0.915039 0.915365 0.003906 0.007812
0 0.953125 0.902995 0.005859 0.009115
0 0.942871 0.934896 0.006836 0.013021
0 0.805176 0.668620 0.014648 0.024740
0 0.793457 0.817708 0.002930 0.005208
0 0.854492 0.836589 0.005859 0.011719
0 0.895020 0.852214 0.006836 0.011719
0 0.855469 0.861979 0.007812 0.007812
0 0.862793 0.798177 0.004883 0.007812
0 0.937988 0.214844 0.022461 0.031250