0 0.098633 0.377321 0.017578 0.027851
0 0.340820 0.186340 0.033203 0.057029
0 0.179688 0.222812 0.037109 0.061008
0 0.080566 0.158488 0.016602 0.025199
0 0.077637 0.188329 0.014648 0.026525
0 0.021973 0.165119 0.014648 0.030504
0 0.406738 0.231432 0.030273 0.049072
0 0.445801 0.252653 0.030273 0.057029
0 0.512695 0.209549 0.031250 0.042440
0 0.553711 0.220822 0.033203 0.035809
0 0.588867 0.244032 0.037109 0.055703
0 0.645020 0.239390 0.030273 0.043767
0 0.648926 0.191645 0.026367 0.038462
0 0.732422 0.207560 0.033203 0.051724
0 0.783203 0.190318 0.033203 0.046419
0 0.827637 0.220159 0.030273 0.039788
0 0.876465 0.252653 0.030273 0.038462
0 0.884277 0.189655 0.018555 0.034483
0 0.913086 0.237401 0.035156 0.050398
0 0.943848 0.208223 0.020508 0.031830
0 0.982910 0.190981 0.032227 0.037135
0 0.008301 0.237401 0.016602 0.018568