0 0.347168 0.177641 0.032227 0.045267
0 0.421875 0.242798 0.031250 0.052126
0 0.619141 0.266804 0.035156 0.080933
0 0.593262 0.403978 0.030273 0.042524
0 0.770020 0.404664 0.024414 0.041152
0 0.012695 0.474623 0.023438 0.046639
0 0.044434 0.751715 0.008789 0.013717
0 0.011230 0.844307 0.006836 0.015089
0 0.001953 0.841564 0.003906 0.015089
0 0.048340 0.840878 0.004883 0.010974
0 0.053223 0.849794 0.004883 0.009602
0 0.061523 0.828532 0.003906 0.005487
0 0.056641 0.819616 0.003906 0.006859
0 0.063965 0.806584 0.002930 0.008230
0 0.066895 0.851852 0.004883 0.008230
0 0.072266 0.863512 0.003906 0.006859
0 0.086914 0.846365 0.005859 0.010974
0 0.100098 0.870370 0.004883 0.012346
0 0.128418 0.868999 0.004883 0.009602
0 0.130371 0.847737 0.004883 0.010974
0 0.115234 0.844993 0.005859 0.010974
0 0.105957 0.843621 0.004883 0.008230
0 0.147949 0.849108 0.004883 0.008230
0 0.165039 0.865569 0.003906 0.008230
0 0.173828 0.854595 0.003906 0.008230
0 0.216797 0.847051 0.003906 0.006859
0 0.234375 0.847737 0.003906 0.008230
0 0.242188 0.842250 0.003906 0.010974
0 0.262207 0.851166 0.004883 0.009602
0 0.256836 0.847737 0.003906 0.010974
0 0.271484 0.851852 0.005859 0.010974
0 0.282715 0.858025 0.004883 0.009602
0 0.289062 0.850480 0.005859 0.010974
0 0.312500 0.849794 0.005859 0.009602
0 0.303223 0.850480 0.004883 0.008230
0 0.295898 0.852538 0.003906 0.009602
0 0.393066 0.847051 0.004883 0.012346
0 0.401855 0.842936 0.004883 0.012346
0 0.423340 0.846365 0.004883 0.010974
0 0.437988 0.831276 0.004883 0.008230
0 0.447754 0.844307 0.006836 0.012346
0 0.452637 0.840192 0.004883 0.012346
0 0.464355 0.843621 0.006836 0.013717
0 0.469727 0.834705 0.003906 0.009602
0 0.427734 0.821674 0.005859 0.010974
0 0.477051 0.835391 0.006836 0.010974
0 0.485840 0.836077 0.004883 0.009602
0 0.498535 0.845679 0.004883 0.015089
0 0.556152 0.834019 0.006836 0.010974
0 0.574219 0.830590 0.005859 0.012346
0 0.584961 0.831962 0.007812 0.015089
0 0.609375 0.827846 0.007812 0.015089
0 0.640137 0.825789 0.006836 0.013717
0 0.636719 0.808642 0.003906 0.009602
0 0.584961 0.814815 0.003906 0.010974
0 0.750000 0.773663 0.005859 0.010974
0 0.751953 0.766804 0.005859 0.010974
0 0.736328 0.766804 0.003906 0.010974
0 0.739258 0.778464 0.005859 0.009602
0 0.723633 0.814815 0.007812 0.013717
0 0.749023 0.810700 0.007812 0.013717
0 0.744141 0.830590 0.007812 0.012346
0 0.762207 0.816187 0.008789 0.013717
0 0.754395 0.800412 0.006836 0.012346
0 0.776367 0.804527 0.007812 0.017833
0 0.787109 0.814129 0.007812 0.017833
0 0.804688 0.815501 0.007812 0.015089
0 0.797852 0.813443 0.005859 0.013717
0 0.770508 0.824417 0.005859 0.013717
0 0.758789 0.846365 0.007812 0.013717
0 0.759766 0.753086 0.005859 0.010974
0 0.759277 0.765432 0.002930 0.005487
0 0.741699 0.744170 0.004883 0.009602
0 0.750488 0.745542 0.002930 0.006859
0 0.720215 0.801097 0.004883 0.008230
0 0.724121 0.781207 0.004883 0.006859
0 0.863281 0.726337 0.007812 0.015089
0 0.890625 0.727709 0.013672 0.023320
0 0.870605 0.807270 0.008789 0.017833
0 0.922852 0.718793 0.005859 0.010974
0 0.946289 0.751029 0.003906 0.009602
0 0.948242 0.736626 0.003906 0.013717
0 0.926270 0.752401 0.006836 0.012346
0 0.903320 0.738683 0.005859 0.012346
0 0.909180 0.733882 0.005859 0.010974
0 0.935547 0.791495 0.009766 0.021948
0 0.922363 0.820302 0.008789 0.016461
0 0.950195 0.799040 0.013672 0.020576
0 0.961914 0.735254 0.005859 0.013717
0 0.968750 0.751715 0.005859 0.010974
0 0.982422 0.719479 0.003906 0.009602
0 0.987305 0.729767 0.007812 0.013717
0 0.984863 0.742112 0.006836 0.013717
0 0.986328 0.793553 0.011719 0.020576
0 0.976074 0.794239 0.006836 0.013717
0 0.940918 0.692730 0.004883 0.008230
0 0.939453 0.705075 0.003906 0.008230
0 0.962402 0.720850 0.006836 0.009602
0 0.940918 0.677641 0.004883 0.008230
0 0.970215 0.661866 0.004883 0.009602
0 0.099121 0.855281 0.004883 0.009602
0 0.071289 0.844993 0.005859 0.008230