0 0.219238 0.316252 0.030273 0.052709
0 0.312012 0.315520 0.032227 0.065886
0 0.389160 0.317716 0.030273 0.052709
0 0.477051 0.382138 0.028320 0.055637
0 0.544922 0.349927 0.031250 0.049780
0 0.611328 0.325037 0.027344 0.043924
0 0.706543 0.372621 0.028320 0.045388
0 0.749023 0.360908 0.023438 0.054173
0 0.805664 0.400439 0.029297 0.051245
0 0.289551 0.338214 0.022461 0.035139
0 0.091797 0.490483 0.015625 0.023426
0 0.153320 0.474378 0.011719 0.023426
0 0.875000 0.510981 0.013672 0.023426
0 0.095703 0.472914 0.011719 0.014641
0 0.989746 0.513909 0.012695 0.020498