0 0.363770 0.362372 0.041992 0.054173
0 0.564941 0.272328 0.022461 0.038067
0 0.338379 0.240117 0.018555 0.026354
0 0.052246 0.085652 0.020508 0.030747
0 0.000977 0.062225 0.000000 0.004392
0 0.000977 0.066618 0.000000 0.007321
0 0.000977 0.071010 0.000000 0.010249
0 0.000977 0.073206 0.000000 0.011713
0 0.000977 0.075403 0.000000 0.013177
0 0.595215 0.062225 0.016602 0.030747
0 0.656738 0.071010 0.014648 0.027818
0 0.496582 0.293558 0.020508 0.027818
0 0.001465 0.063690 0.000977 0.016105
0 0.001465 0.064422 0.000977 0.017570
0 0.001465 0.065154 0.000977 0.019034
0 0.002441 0.065886 0.002930 0.020498
0 0.002930 0.067350 0.003906 0.023426
0 0.002930 0.068082 0.003906 0.024890
0 0.003418 0.068082 0.004883 0.024890
0 0.003906 0.068814 0.005859 0.026354
0 0.175781 0.071742 0.013672 0.029283
0 0.233398 0.073939 0.015625 0.033675
0 0.286133 0.074671 0.013672 0.029283
0 0.068359 0.213031 0.017578 0.030747
0 0.104004 0.213031 0.016602 0.024890
0 0.435059 0.057101 0.016602 0.029283
0 0.484863 0.069546 0.018555 0.024890
0 0.533691 0.049048 0.016602 0.027818
0 0.937988 0.178624 0.018555 0.035139