0 0.635742 0.420554 0.023438 0.030612
0 0.562500 0.337464 0.021484 0.045190
0 0.425293 0.399417 0.028320 0.043732
0 0.430176 0.326531 0.022461 0.040816
0 0.324707 0.424198 0.024414 0.037901
0 0.031250 0.648688 0.009766 0.017493
0 0.041016 0.583819 0.009766 0.016035
0 0.030762 0.506560 0.008789 0.018950
0 0.078613 0.514577 0.008789 0.014577
0 0.106934 0.518222 0.008789 0.013120
0 0.105957 0.532799 0.006836 0.013120
0 0.063477 0.597668 0.007812 0.011662
0 0.070801 0.650875 0.008789 0.016035
0 0.121094 0.581633 0.007812 0.011662
0 0.119141 0.562682 0.005859 0.014577
0 0.130859 0.596939 0.009766 0.018950
0 0.136719 0.575802 0.007812 0.014577
0 0.145508 0.572157 0.005859 0.010204
0 0.492676 0.369534 0.012695 0.021866
0 0.008301 0.518222 0.006836 0.013120
0 0.046875 0.521866 0.005859 0.011662
0 0.051270 0.518950 0.004883 0.011662
0 0.091797 0.582362 0.011719 0.018950
0 0.009766 0.588192 0.009766 0.013120
0 0.056641 0.639213 0.005859 0.013120
0 0.078125 0.669825 0.007812 0.013120
0 0.194824 0.653061 0.004883 0.011662
0 0.162109 0.653790 0.005859 0.010204