0 0.061523 0.590299 0.019531 0.037313
0 0.259277 0.702985 0.018555 0.035821
0 0.286621 0.522388 0.018555 0.038806
0 0.409668 0.758209 0.024414 0.047761
0 0.347168 0.380597 0.016602 0.026866
0 0.462402 0.311940 0.016602 0.038806
0 0.533691 0.575373 0.016602 0.034328
0 0.609863 0.215672 0.018555 0.034328
0 0.166016 0.376119 0.019531 0.032836
0 0.047363 0.074627 0.014648 0.023881
0 0.144043 0.041791 0.012695 0.023881
0 0.236328 0.034328 0.017578 0.029851
0 0.385742 0.133582 0.017578 0.031343
0 0.687012 0.075373 0.018555 0.028358
0 0.609863 0.033582 0.014648 0.025373
0 0.756836 0.339552 0.017578 0.028358
0 0.532715 0.082090 0.016602 0.029851
0 0.597168 0.966418 0.022461 0.046269