0 0.071289 0.290823 0.037109 0.066127
0 0.179199 0.320513 0.034180 0.066127
0 0.288086 0.325911 0.035156 0.066127
0 0.461426 0.342105 0.032227 0.063428
0 0.536133 0.365722 0.031250 0.062078
0 0.624023 0.379892 0.029297 0.060729
0 0.063477 0.622132 0.035156 0.070175
0 0.715332 0.641700 0.034180 0.058030
0 0.809082 0.556680 0.036133 0.060729
0 0.906250 0.524966 0.041016 0.059379
0 0.181641 0.620783 0.039062 0.070175
0 0.308105 0.582321 0.034180 0.076923
0 0.384277 0.491228 0.036133 0.059379
0 0.439941 0.630229 0.038086 0.064777
0 0.580078 0.534413 0.037109 0.064777
0 0.687988 0.356275 0.036133 0.056680
0 0.778809 0.360324 0.036133 0.056680
0 0.864258 0.347503 0.033203 0.063428