0 0.085938 0.282164 0.033203 0.061404
0 0.186035 0.264620 0.034180 0.064327
0 0.216797 0.402047 0.033203 0.064327
0 0.285156 0.279971 0.029297 0.062865
0 0.278320 0.408626 0.031250 0.065789
0 0.344727 0.412281 0.031250 0.055556
0 0.371582 0.279240 0.030273 0.055556
0 0.458984 0.260965 0.029297 0.057018
0 0.433105 0.385234 0.032227 0.062865
0 0.535645 0.266813 0.028320 0.051170
0 0.617676 0.270468 0.030273 0.055556
0 0.610840 0.399123 0.032227 0.061404
0 0.517578 0.363304 0.033203 0.068713
0 0.800781 0.288012 0.031250 0.067251
0 0.902832 0.297515 0.030273 0.054094
0 0.831055 0.433480 0.031250 0.062865
0 0.707520 0.271199 0.028320 0.059942
0 0.681152 0.400585 0.030273 0.061404
0 0.755371 0.416667 0.030273 0.061404