0 0.385254 0.209208 0.032227 0.072698
0 0.301270 0.202746 0.028320 0.066236
0 0.214844 0.206785 0.027344 0.058158
0 0.124023 0.210824 0.019531 0.046850
0 0.199707 0.068659 0.010742 0.027464
0 0.160645 0.059774 0.014648 0.032310
0 0.494141 0.069467 0.011719 0.025848
0 0.530762 0.067044 0.008789 0.021002
0 0.575684 0.042811 0.010742 0.024233
0 0.669434 0.042811 0.008789 0.021002
0 0.551758 0.234249 0.023438 0.048465
0 0.693848 0.239095 0.022461 0.045234
0 0.750000 0.247981 0.021484 0.053312
0 0.739258 0.062197 0.013672 0.027464
0 0.786133 0.054120 0.011719 0.030695
0 0.585938 0.064620 0.013672 0.029079
0 0.855469 0.210824 0.039062 0.069467
0 0.928711 0.222132 0.019531 0.040388
0 0.990723 0.253635 0.018555 0.045234
0 0.089355 0.252019 0.016602 0.045234
0 0.174316 0.249596 0.022461 0.050081
0 0.332031 0.063813 0.013672 0.024233
0 0.177734 0.046042 0.011719 0.030695