0 0.073730 0.594002 0.032227 0.038496
0 0.172852 0.584154 0.033203 0.043868
0 0.272461 0.602954 0.031250 0.040286
0 0.287109 0.578335 0.031250 0.035810
0 0.338379 0.593107 0.028320 0.029543
0 0.329590 0.629812 0.028320 0.036705
0 0.399902 0.597135 0.024414 0.034020
0 0.377930 0.632945 0.027344 0.035810
0 0.422363 0.632498 0.028320 0.038496
0 0.448730 0.599373 0.026367 0.033124
0 0.398438 0.709042 0.031250 0.037601
0 0.442383 0.692032 0.029297 0.035810
0 0.493652 0.637869 0.026367 0.034915
0 0.518066 0.598030 0.028320 0.034020
0 0.565430 0.607878 0.029297 0.030439
0 0.601562 0.586840 0.025391 0.027753
0 0.640137 0.587735 0.026367 0.029543
0 0.609863 0.613250 0.026367 0.032229
0 0.649414 0.616383 0.025391 0.031334
0 0.692871 0.619517 0.026367 0.034020
0 0.707520 0.705461 0.028320 0.034020
0 0.722168 0.598030 0.024414 0.032229
0 0.748047 0.607431 0.025391 0.033124
0 0.962402 0.604297 0.034180 0.037601
0 0.918945 0.601164 0.031250 0.038496
0 0.857422 0.593554 0.029297 0.035810
0 0.813965 0.613697 0.030273 0.040286
0 0.828125 0.694270 0.033203 0.036705
0 0.471680 0.769024 0.033203 0.039391
0 0.552734 0.781110 0.031250 0.038496
0 0.577148 0.699194 0.029297 0.037601
0 0.634277 0.783796 0.034180 0.038496
0 0.637695 0.710385 0.029297 0.034915
0 0.769531 0.735452 0.025391 0.034915