0 0.791992 0.582682 0.027344 0.063802
0 0.633789 0.572266 0.009766 0.024740
0 0.032715 0.591797 0.010742 0.022135
0 0.164062 0.578125 0.011719 0.018229
0 0.680664 0.615885 0.005859 0.013021
0 0.743164 0.613932 0.005859 0.009115
0 0.344238 0.610026 0.006836 0.011719
0 0.624023 0.658854 0.007812 0.010417
0 0.584961 0.657552 0.007812 0.010417
0 0.293945 0.594401 0.009766 0.014323
0 0.949707 0.603516 0.008789 0.014323
0 0.932129 0.601562 0.010742 0.013021
0 0.862793 0.607422 0.010742 0.011719
0 0.726074 0.610026 0.008789 0.014323