0 0.096680 0.398243 0.007812 0.011713
0 0.166016 0.344802 0.017578 0.039531
0 0.203613 0.386530 0.008789 0.023426
0 0.225586 0.393119 0.015625 0.027818
0 0.250488 0.393851 0.008789 0.017570
0 0.299805 0.396779 0.007812 0.014641
0 0.315918 0.407028 0.004883 0.008785
0 0.185547 0.368228 0.007812 0.019034
0 0.175781 0.367496 0.009766 0.020498
0 0.331055 0.407760 0.003906 0.010249
0 0.378906 0.439239 0.019531 0.046852
0 0.685547 0.407028 0.003906 0.011713
0 0.869629 0.396047 0.008789 0.016105
0 0.989258 0.360908 0.019531 0.068814