0 0.835938 0.703552 0.015625 0.024590
0 0.809570 0.704235 0.013672 0.023224
0 0.800781 0.685109 0.013672 0.023224
0 0.773926 0.767077 0.012695 0.020492
0 0.781738 0.711066 0.012695 0.020492
0 0.729492 0.751366 0.013672 0.021858
0 0.736816 0.706967 0.012695 0.023224
0 0.724609 0.714481 0.011719 0.019126
0 0.711426 0.699454 0.012695 0.021858
0 0.736328 0.659153 0.011719 0.020492
0 0.666992 0.709016 0.013672 0.019126
0 0.680176 0.670082 0.012695 0.020492
0 0.712402 0.650956 0.012695 0.020492
0 0.655762 0.669399 0.010742 0.019126
0 0.629883 0.721995 0.011719 0.020492
0 0.644043 0.693306 0.012695 0.020492
0 0.621094 0.769126 0.013672 0.021858
0 0.828613 0.655055 0.012695 0.020492
0 0.781250 0.631148 0.013672 0.021858
0 0.871094 0.590847 0.013672 0.023224
0 0.844238 0.598361 0.012695 0.021858
0 0.825195 0.589481 0.011719 0.020492
0 0.954590 0.591530 0.014648 0.024590
0 0.930664 0.564208 0.015625 0.024590
0 0.892578 0.543716 0.013672 0.021858
0 0.827637 0.560109 0.012695 0.019126
0 0.852051 0.530055 0.010742 0.021858
0 0.819336 0.543033 0.011719 0.020492
0 0.838379 0.546448 0.010742 0.021858
0 0.824219 0.515710 0.011719 0.017760
0 0.800293 0.579235 0.012695 0.019126
0 0.795410 0.558060 0.010742 0.020492
0 0.781738 0.564891 0.012695 0.020492
0 0.765137 0.576503 0.012695 0.021858
0 0.754395 0.557377 0.010742 0.019126
0 0.757812 0.532104 0.011719 0.020492
0 0.775391 0.524590 0.011719 0.019126
0 0.793457 0.514344 0.010742 0.020492
0 0.802246 0.532787 0.010742 0.019126
0 0.737305 0.565574 0.011719 0.019126
0 0.723145 0.555328 0.010742 0.017760
0 0.731934 0.536885 0.010742 0.019126
0 0.743652 0.508880 0.010742 0.020492
0 0.720703 0.500000 0.009766 0.016393
0 0.702148 0.515027 0.011719 0.016393
0 0.707520 0.543716 0.010742 0.016393
0 0.779785 0.454235 0.008789 0.015027
0 0.766602 0.433743 0.009766 0.017760
0 0.743164 0.413934 0.007812 0.013661
0 0.743652 0.432377 0.008789 0.015027
0 0.714844 0.457650 0.009766 0.016393
0 0.710938 0.437842 0.007812 0.015027
0 0.709473 0.420765 0.008789 0.013661
0 0.671875 0.413251 0.007812 0.015027
0 0.681152 0.440574 0.008789 0.015027
0 0.695312 0.487705 0.009766 0.016393
0 0.686035 0.478825 0.010742 0.017760
0 0.674316 0.489754 0.010742 0.017760
0 0.675293 0.521175 0.010742 0.017760
0 0.680664 0.552596 0.011719 0.020492
0 0.658203 0.553279 0.013672 0.019126
0 0.660156 0.515027 0.009766 0.016393
0 0.640625 0.529372 0.011719 0.020492
0 0.647461 0.501366 0.011719 0.016393
0 0.656738 0.475410 0.008789 0.016393
0 0.664551 0.459699 0.008789 0.017760
0 0.642578 0.473361 0.009766 0.015027
0 0.635742 0.456967 0.009766 0.015027
0 0.642090 0.444672 0.006836 0.015027
0 0.611816 0.437158 0.008789 0.013661
0 0.620117 0.471311 0.009766 0.016393
0 0.614746 0.480874 0.010742 0.016393
0 0.633789 0.487022 0.009766 0.015027
0 0.618652 0.508880 0.010742 0.017760
0 0.606445 0.525956 0.011719 0.016393
0 0.599121 0.495219 0.010742 0.017760
0 0.594727 0.473361 0.009766 0.015027
0 0.623047 0.579235 0.011719 0.019126
0 0.688965 0.580601 0.012695 0.021858
0 0.598145 0.584016 0.012695 0.017760
0 0.557129 0.694672 0.010742 0.017760
0 0.567383 0.633880 0.009766 0.019126
0 0.549805 0.620902 0.009766 0.020492
0 0.576660 0.586066 0.010742 0.019126
0 0.638672 0.627732 0.011719 0.020492
0 0.500000 0.714481 0.013672 0.021858
0 0.516113 0.782787 0.010742 0.021858
0 0.468750 0.713798 0.011719 0.017760
0 0.488281 0.687158 0.011719 0.021858
0 0.528320 0.673497 0.011719 0.019126
0 0.510742 0.633197 0.011719 0.017760
0 0.469727 0.637978 0.011719 0.016393
0 0.457031 0.669399 0.011719 0.019126
0 0.424805 0.730874 0.013672 0.024590
0 0.410645 0.713798 0.012695 0.020492
0 0.397461 0.689891 0.011719 0.019126
0 0.413086 0.658470 0.011719 0.019126
0 0.431641 0.642760 0.011719 0.017760
0 0.415039 0.614754 0.011719 0.019126
0 0.396484 0.620902 0.011719 0.017760
0 0.397461 0.594262 0.009766 0.016393
0 0.673340 0.631148 0.012695 0.019126
0 0.584961 0.527322 0.011719 0.019126
0 0.575195 0.508880 0.009766 0.017760
0 0.565430 0.487022 0.009766 0.017760
0 0.577148 0.476093 0.009766 0.017760
0 0.559570 0.474044 0.009766 0.016393
0 0.569336 0.454235 0.009766 0.015027
0 0.537109 0.512295 0.009766 0.016393
0 0.552246 0.498634 0.008789 0.016393
0 0.562500 0.525956 0.009766 0.019126
0 0.549316 0.528005 0.010742 0.017760
0 0.540039 0.562842 0.009766 0.016393
0 0.528320 0.534153 0.011719 0.016393
0 0.518555 0.551230 0.009766 0.017760
0 0.496582 0.566257 0.010742 0.015027
0 0.494141 0.536202 0.009766 0.017760
0 0.509766 0.510929 0.009766 0.019126
0 0.496094 0.509563 0.009766 0.016393
0 0.486328 0.497268 0.009766 0.016393
0 0.479004 0.518443 0.008789 0.015027
0 0.470703 0.549863 0.009766 0.015027
0 0.465820 0.540984 0.009766 0.019126
0 0.449707 0.538251 0.008789 0.013661
0 0.444824 0.568306 0.008789 0.016393
0 0.434082 0.545765 0.010742 0.015027
0 0.448730 0.508197 0.008789 0.016393
0 0.478516 0.493852 0.007812 0.015027
0 0.485352 0.473361 0.007812 0.015027
0 0.503418 0.467213 0.008789 0.013661
0 0.529785 0.469262 0.008789 0.017760
0 0.539551 0.463115 0.008789 0.013661
0 0.524414 0.496585 0.009766 0.015027
0 0.516602 0.452869 0.007812 0.015027
0 0.506836 0.449454 0.007812 0.013661
0 0.486816 0.461066 0.008789 0.015027
0 0.470215 0.467213 0.008789 0.013661
0 0.468750 0.454918 0.007812 0.013661
0 0.451660 0.484973 0.006836 0.013661
0 0.455078 0.473361 0.007812 0.012295
0 0.440430 0.490437 0.007812 0.016393
0 0.429688 0.521858 0.007812 0.013661
0 0.376465 0.709699 0.012695 0.023224
0 0.352539 0.756831 0.013672 0.021858
0 0.353027 0.704918 0.010742 0.016393
0 0.372070 0.628415 0.009766 0.019126
0 0.354492 0.629781 0.009766 0.019126
0 0.353027 0.581284 0.010742 0.017760
0 0.375000 0.562158 0.009766 0.017760
0 0.419922 0.564208 0.009766 0.016393
0 0.403809 0.549863 0.008789 0.017760
0 0.416992 0.543033 0.009766 0.015027
0 0.335449 0.622951 0.008789 0.019126
0 0.250977 0.771175 0.013672 0.023224
0 0.311035 0.740437 0.012695 0.021858
0 0.328125 0.711066 0.011719 0.020492
0 0.297852 0.696721 0.011719 0.019126
0 0.266113 0.719262 0.012695 0.020492
0 0.218750 0.760246 0.013672 0.023224
0 0.218750 0.791667 0.013672 0.023224
0 0.154297 0.831284 0.015625 0.025956
0 0.143555 0.762295 0.015625 0.021858
0 0.194824 0.745902 0.012695 0.019126
0 0.213379 0.731557 0.012695 0.020492
0 0.193359 0.683060 0.011719 0.019126
0 0.167480 0.687158 0.012695 0.019126
0 0.142578 0.686475 0.011719 0.020492
0 0.292480 0.659836 0.010742 0.019126
0 0.248047 0.668716 0.011719 0.020492
0 0.290527 0.629781 0.010742 0.019126
0 0.270996 0.620902 0.010742 0.017760
0 0.246094 0.610656 0.011719 0.019126
0 0.320801 0.599727 0.010742 0.019126
0 0.094727 0.711749 0.013672 0.024590
0 0.081055 0.743169 0.015625 0.021858
0 0.040039 0.636612 0.013672 0.024590
0 0.312012 0.798497 0.012695 0.020492
0 0.138184 0.634563 0.012695 0.020492
0 0.178711 0.627732 0.011719 0.020492
0 0.197754 0.579235 0.010742 0.016393
0 0.177734 0.573770 0.009766 0.019126
0 0.140137 0.586066 0.012695 0.019126
0 0.157227 0.593579 0.009766 0.017760
0 0.158203 0.575820 0.009766 0.015027
0 0.112793 0.600410 0.012695 0.017760
0 0.072266 0.628415 0.013672 0.019126
0 0.086426 0.609290 0.012695 0.021858
0 0.085449 0.579918 0.012695 0.020492
0 0.046387 0.611339 0.012695 0.017760
0 0.074707 0.556694 0.008789 0.015027
0 0.095703 0.545082 0.011719 0.013661
0 0.109863 0.545082 0.010742 0.019126
0 0.127441 0.547131 0.010742 0.017760
0 0.138184 0.533470 0.008789 0.012295
0 0.160156 0.549180 0.009766 0.016393
0 0.121094 0.574454 0.011719 0.017760
0 0.152344 0.548497 0.009766 0.015027
0 0.187012 0.539617 0.010742 0.019126
0 0.174316 0.533470 0.008789 0.017760
0 0.159180 0.519809 0.009766 0.015027
0 0.184082 0.516393 0.008789 0.016393
0 0.199707 0.521175 0.008789 0.017760
0 0.212891 0.527322 0.009766 0.019126
0 0.223145 0.517760 0.008789 0.016393
0 0.204590 0.500683 0.008789 0.015027
0 0.249023 0.530055 0.007812 0.016393
0 0.273926 0.523224 0.008789 0.016393
0 0.287598 0.530055 0.008789 0.016393
0 0.302734 0.525273 0.009766 0.015027
0 0.312988 0.517760 0.008789 0.016393
0 0.295410 0.509563 0.008789 0.016393
0 0.270508 0.510246 0.009766 0.017760
0 0.252930 0.495902 0.009766 0.016393
0 0.252441 0.517077 0.006836 0.015027
0 0.232422 0.497268 0.009766 0.013661
0 0.284668 0.491803 0.008789 0.016393
0 0.307129 0.488388 0.008789 0.015027
0 0.322266 0.505464 0.009766 0.019126
0 0.296387 0.587432 0.010742 0.019126
0 0.301270 0.469945 0.010742 0.016393
0 0.300293 0.451503 0.006836 0.012295
0 0.318848 0.456284 0.006836 0.013661
0 0.331543 0.471995 0.006836 0.015027
0 0.347168 0.473361 0.008789 0.015027
0 0.358398 0.492486 0.007812 0.015027
0 0.339355 0.519809 0.008789 0.017760
0 0.338867 0.500683 0.007812 0.015027
0 0.330566 0.498634 0.006836 0.016393
0 0.370117 0.502732 0.007812 0.016393
0 0.392090 0.492486 0.008789 0.015027
0 0.409180 0.500683 0.007812 0.015027
0 0.423828 0.500000 0.007812 0.013661
0 0.395996 0.474044 0.008789 0.016393
0 0.377930 0.480874 0.007812 0.013661
0 0.380859 0.468579 0.009766 0.016393
0 0.418945 0.474727 0.007812 0.017760
0 0.434570 0.458333 0.009766 0.017760
0 0.450684 0.446721 0.008789 0.013661
0 0.413574 0.451503 0.006836 0.015027
0 0.392578 0.448770 0.007812 0.015027
0 0.362305 0.455601 0.005859 0.012295
0 0.351562 0.439891 0.009766 0.013661
0 0.334961 0.448770 0.007812 0.012295
0 0.341309 0.431011 0.006836 0.012295
0 0.340820 0.422131 0.005859 0.010929
0 0.363770 0.429645 0.008789 0.012295
0 0.361816 0.415984 0.006836 0.009563
0 0.374512 0.451503 0.006836 0.012295
0 0.229004 0.449454 0.006836 0.010929
0 0.239258 0.440574 0.007812 0.012295
0 0.278320 0.439208 0.007812 0.015027
0 0.216309 0.556011 0.010742 0.019126
0 0.538086 0.403005 0.005859 0.013661
0 0.573730 0.432377 0.006836 0.015027
0 0.587402 0.402322 0.006836 0.012295
0 0.594727 0.385929 0.005859 0.012295
0 0.581055 0.393443 0.005859 0.013661
0 0.573242 0.392760 0.005859 0.012295
0 0.576660 0.371585 0.006836 0.013661
0 0.558105 0.379098 0.006836 0.012295
0 0.549316 0.376366 0.004883 0.009563
0 0.550781 0.392077 0.005859 0.010929
0 0.539551 0.380464 0.006836 0.012295
0 0.514160 0.378415 0.006836 0.013661
0 0.525391 0.371585 0.007812 0.013661
0 0.498535 0.377732 0.006836 0.015027
0 0.484863 0.377732 0.006836 0.012295
0 0.467285 0.400273 0.006836 0.013661
0 0.477051 0.391393 0.006836 0.012295
0 0.451172 0.409153 0.005859 0.012295
0 0.444336 0.418033 0.005859 0.010929
0 0.425293 0.413934 0.006836 0.013661
0 0.418457 0.413251 0.006836 0.012295
0 0.407227 0.415984 0.007812 0.012295
0 0.397949 0.414617 0.004883 0.009563
0 0.412598 0.439891 0.006836 0.013661
0 0.400391 0.393443 0.005859 0.008197
0 0.431641 0.379098 0.007812 0.015027
0 0.449219 0.385929 0.005859 0.012295
0 0.463379 0.388661 0.006836 0.012295
0 0.461426 0.364754 0.006836 0.010929
0 0.507324 0.369536 0.006836 0.012295
0 0.384766 0.528689 0.005859 0.010929