0 0.605469 0.239736 0.046875 0.083578
0 0.892090 0.355572 0.010742 0.019062
0 0.937500 0.352639 0.009766 0.021994
0 0.943359 0.326979 0.011719 0.017595
0 0.971191 0.287390 0.012695 0.020528
0 0.961914 0.358504 0.013672 0.021994
0 0.788574 0.310850 0.012695 0.026393
0 0.834961 0.277126 0.007812 0.029326
0 0.770508 0.277859 0.011719 0.019062
0 0.743164 0.271994 0.011719 0.021994
0 0.809570 0.286657 0.007812 0.013196
0 0.866211 0.241935 0.011719 0.023460
0 0.746582 0.250000 0.010742 0.016129
0 0.788086 0.248534 0.009766 0.019062
0 0.820801 0.241202 0.006836 0.021994
0 0.818848 0.197947 0.010742 0.023460
0 0.791504 0.187683 0.010742 0.023460
0 0.750488 0.212610 0.010742 0.020528
0 0.754883 0.193548 0.009766 0.020528
0 0.731445 0.186217 0.009766 0.020528
0 0.954590 0.181818 0.010742 0.020528
0 0.922363 0.182551 0.010742 0.019062
0 0.930664 0.156158 0.009766 0.019062
0 0.950195 0.146628 0.009766 0.020528
0 0.996094 0.118035 0.007812 0.019062
0 0.957520 0.102639 0.006836 0.014663
0 0.985352 0.071114 0.007812 0.016129
0 0.965820 0.038123 0.007812 0.014663
0 0.993164 0.034457 0.005859 0.016129
0 0.852051 0.190616 0.008789 0.017595
0 0.854004 0.147361 0.008789 0.019062
0 0.889160 0.151026 0.008789 0.017595
0 0.925781 0.097507 0.007812 0.016129
0 0.897949 0.098974 0.008789 0.019062
0 0.896973 0.138563 0.008789 0.019062
0 0.927734 0.127566 0.007812 0.017595
0 0.831055 0.130499 0.009766 0.020528
0 0.835938 0.095308 0.009766 0.017595
0 0.864258 0.097507 0.007812 0.016129
0 0.826172 0.070381 0.009766 0.017595
0 0.842285 0.046188 0.008789 0.016129
0 0.732422 0.168622 0.009766 0.020528
0 0.767578 0.170821 0.009766 0.016129
0 0.721680 0.266862 0.009766 0.020528
0 0.801270 0.123900 0.010742 0.019062
0 0.765625 0.120235 0.013672 0.017595
0 0.771973 0.097507 0.008789 0.019062
0 0.774414 0.071114 0.009766 0.016129
0 0.781250 0.040323 0.007812 0.016129
0 0.754395 0.041056 0.008789 0.017595
0 0.732422 0.045455 0.007812 0.014663
0 0.731934 0.120235 0.008789 0.017595
0 0.749512 0.107771 0.008789 0.016129
0 0.683105 0.184751 0.010742 0.020528
0 0.667969 0.159091 0.011719 0.019062
0 0.655762 0.128299 0.010742 0.016129
0 0.659180 0.101173 0.007812 0.017595
0 0.703125 0.123167 0.007812 0.014663
0 0.707031 0.147361 0.009766 0.016129
0 0.718750 0.102639 0.009766 0.017595
0 0.704590 0.050587 0.008789 0.016129
0 0.667480 0.075513 0.008789 0.016129
0 0.667480 0.046921 0.008789 0.017595
0 0.644531 0.069648 0.009766 0.019062
0 0.630859 0.100440 0.009766 0.019062
0 0.629395 0.134897 0.008789 0.017595
0 0.634277 0.157625 0.008789 0.016129
0 0.596680 0.138563 0.009766 0.019062
0 0.609863 0.107771 0.008789 0.016129
0 0.564941 0.213343 0.008789 0.019062
0 0.556152 0.250733 0.008789 0.020528
0 0.541992 0.214809 0.007812 0.019062
0 0.545410 0.187683 0.008789 0.014663
0 0.589355 0.158358 0.008789 0.017595
0 0.575684 0.185484 0.008789 0.021994
0 0.899902 0.182551 0.008789 0.019062
0 0.501465 0.216276 0.008789 0.016129
0 0.514160 0.188416 0.010742 0.016129
0 0.494629 0.188416 0.010742 0.019062
0 0.480469 0.211877 0.009766 0.016129
0 0.471191 0.249267 0.010742 0.020528
0 0.445312 0.213343 0.009766 0.019062
0 0.419922 0.247067 0.011719 0.019062
0 0.479004 0.131965 0.006836 0.014663
0 0.489258 0.106305 0.007812 0.016129
0 0.512207 0.107771 0.006836 0.016129
0 0.502441 0.085044 0.006836 0.017595
0 0.516602 0.065982 0.007812 0.014663
0 0.560059 0.059384 0.008789 0.019062
0 0.586914 0.057918 0.007812 0.016129
0 0.631836 0.084311 0.007812 0.016129
0 0.452637 0.132698 0.008789 0.019062
0 0.453613 0.107038 0.008789 0.014663
0 0.469727 0.062317 0.007812 0.016129
0 0.490723 0.065249 0.008789 0.013196
0 0.436523 0.107771 0.007812 0.016129
0 0.430176 0.141496 0.008789 0.016129
0 0.404785 0.186950 0.008789 0.016129
0 0.383789 0.185484 0.009766 0.019062
0 0.397461 0.159824 0.007812 0.014663
0 0.410645 0.134897 0.006836 0.014663
0 0.416016 0.102639 0.005859 0.014663
0 0.457520 0.090176 0.006836 0.016129
0 0.443848 0.060117 0.006836 0.014663
0 0.416016 0.063783 0.007812 0.013196
0 0.395508 0.114370 0.007812 0.014663
0 0.380859 0.141496 0.007812 0.013196
0 0.361328 0.222141 0.009766 0.019062
0 0.390137 0.066716 0.008789 0.016129
0 0.369141 0.065982 0.007812 0.017595
0 0.348633 0.086510 0.007812 0.014663
0 0.386719 0.107038 0.005859 0.014663
0 0.376953 0.112903 0.007812 0.014663
0 0.340332 0.162757 0.006836 0.017595
0 0.352051 0.182551 0.008789 0.016129
0 0.341309 0.217742 0.010742 0.019062
0 0.348145 0.247067 0.008789 0.019062
0 0.295410 0.252199 0.008789 0.017595
0 0.301758 0.184751 0.007812 0.014663
0 0.284668 0.189150 0.008789 0.017595
0 0.265137 0.218475 0.008789 0.014663
0 0.294434 0.216276 0.010742 0.019062
0 0.297363 0.163490 0.008789 0.016129
0 0.333496 0.143695 0.006836 0.014663
0 0.321289 0.126100 0.007812 0.014663
0 0.346680 0.113636 0.007812 0.016129
0 0.317383 0.092375 0.007812 0.014663
0 0.335449 0.092375 0.006836 0.011730
0 0.328613 0.074780 0.006836 0.014663
0 0.346191 0.068182 0.006836 0.013196
0 0.244141 0.223607 0.007812 0.016129
0 0.258301 0.189883 0.008789 0.019062
0 0.251953 0.165689 0.009766 0.014663
0 0.222168 0.240469 0.008789 0.014663
0 0.216309 0.216276 0.008789 0.016129
0 0.289062 0.140762 0.007812 0.011730
0 0.269531 0.162757 0.007812 0.014663
0 0.320312 0.154692 0.007812 0.016129
0 0.278809 0.123167 0.006836 0.014663
0 0.293945 0.094575 0.007812 0.016129
0 0.288086 0.068915 0.005859 0.011730
0 0.264160 0.071114 0.006836 0.013196
0 0.259277 0.123900 0.008789 0.016129
0 0.268555 0.090176 0.007812 0.013196
0 0.232422 0.122434 0.009766 0.019062
0 0.244629 0.097507 0.006836 0.013196
0 0.233887 0.096774 0.006836 0.011730
0 0.239746 0.071848 0.006836 0.011730
0 0.220215 0.073314 0.006836 0.011730
0 0.215820 0.091642 0.007812 0.016129
0 0.215820 0.166422 0.007812 0.019062
0 0.214355 0.119501 0.008789 0.016129
0 0.206543 0.187683 0.006836 0.014663
0 0.191406 0.221408 0.007812 0.014663
0 0.201172 0.241202 0.009766 0.016129
0 0.159180 0.246334 0.007812 0.014663
0 0.127930 0.247067 0.009766 0.016129
0 0.105469 0.247801 0.009766 0.017595
0 0.078613 0.245601 0.008789 0.016129
0 0.062500 0.247067 0.009766 0.016129
0 0.042480 0.242669 0.010742 0.016129
0 0.022461 0.243402 0.009766 0.017595
0 0.064941 0.219941 0.008789 0.014663
0 0.106934 0.217742 0.008789 0.016129
0 0.148926 0.220674 0.010742 0.019062
0 0.166016 0.200880 0.007812 0.014663
0 0.188477 0.190616 0.007812 0.014663
0 0.199707 0.167155 0.008789 0.014663
0 0.177734 0.164223 0.009766 0.014663
0 0.161133 0.159824 0.009766 0.014663
0 0.135742 0.167889 0.007812 0.013196
0 0.120605 0.169355 0.006836 0.013196
0 0.131348 0.148094 0.006836 0.014663
0 0.093750 0.162023 0.007812 0.013196
0 0.056641 0.199413 0.009766 0.014663
0 0.062500 0.171554 0.005859 0.008798
0 0.038574 0.219941 0.008789 0.014663
0 0.015625 0.224340 0.007812 0.014663
0 0.029297 0.172287 0.007812 0.013196
0 0.040039 0.132698 0.005859 0.010264
0 0.061035 0.128299 0.006836 0.013196
0 0.082520 0.123900 0.004883 0.010264
0 0.104980 0.106305 0.008789 0.013196
0 0.137695 0.102639 0.005859 0.011730
0 0.174316 0.120968 0.006836 0.013196
0 0.191406 0.124633 0.007812 0.014663
0 0.162109 0.132698 0.007812 0.013196
0 0.171875 0.082111 0.007812 0.014663
0 0.155273 0.074780 0.007812 0.011730
0 0.139160 0.071848 0.006836 0.011730
0 0.099609 0.082111 0.007812 0.014663
0 0.078125 0.099707 0.009766 0.014663
0 0.216309 0.029326 0.006836 0.011730
0 0.275879 0.022727 0.006836 0.013196
0 0.161133 0.030059 0.007812 0.013196
0 0.123535 0.030059 0.006836 0.013196
0 0.029785 0.038123 0.006836 0.014663
0 0.016113 0.038123 0.006836 0.011730
0 0.324219 0.196481 0.007812 0.014663
0 0.007812 0.131965 0.005859 0.014663
0 0.743652 0.076246 0.010742 0.020528