0 0.627930 0.380859 0.031250 0.071615
0 0.676758 0.281901 0.035156 0.087240
0 0.780762 0.175130 0.030273 0.084635
0 0.536133 0.203125 0.029297 0.067708
0 0.817871 0.269531 0.018555 0.031250
0 0.857422 0.188151 0.019531 0.029948
0 0.929688 0.194010 0.017578 0.033854
0 0.575195 0.202474 0.021484 0.042969
0 0.598633 0.210286 0.023438 0.035156
0 0.653320 0.201172 0.013672 0.024740
0 0.677246 0.184896 0.018555 0.018229
0 0.146484 0.266276 0.027344 0.050781
0 0.222168 0.212891 0.020508 0.035156
0 0.285645 0.194661 0.020508 0.035156
0 0.365723 0.207031 0.020508 0.036458
0 0.087402 0.200521 0.016602 0.028646
0 0.020020 0.230469 0.020508 0.033854
0 0.166016 0.179688 0.017578 0.033854
0 0.974121 0.184896 0.012695 0.028646
0 0.194336 0.206380 0.013672 0.029948
0 0.403809 0.207031 0.016602 0.033854
0 0.392578 0.193359 0.019531 0.035156
0 0.209961 0.201823 0.017578 0.031250
0 0.339355 0.203776 0.016602 0.019531
0 0.354980 0.173828 0.010742 0.019531
0 0.306641 0.190755 0.015625 0.024740