0 0.091309 0.370443 0.012695 0.016927
0 0.063965 0.365885 0.006836 0.015625
0 0.049805 0.358073 0.005859 0.010417
0 0.031250 0.370443 0.007812 0.016927
0 0.043457 0.447266 0.012695 0.016927
0 0.036133 0.458333 0.007812 0.015625
0 0.092773 0.440104 0.009766 0.020833
0 0.104492 0.436198 0.015625 0.023438
0 0.188477 0.438802 0.013672 0.026042
0 0.197754 0.393229 0.006836 0.013021
0 0.183105 0.370443 0.006836 0.011719
0 0.290527 0.371745 0.006836 0.011719
0 0.322754 0.359375 0.006836 0.013021
0 0.360352 0.354818 0.005859 0.014323
0 0.387207 0.436198 0.008789 0.018229
0 0.406738 0.447266 0.014648 0.027344
0 0.500977 0.428385 0.017578 0.026042
0 0.474121 0.345052 0.008789 0.013021
0 0.598633 0.357422 0.007812 0.014323
0 0.613770 0.349609 0.008789 0.016927
0 0.729980 0.432292 0.016602 0.036458
0 0.776855 0.433594 0.006836 0.015625
0 0.792480 0.439453 0.006836 0.011719
0 0.778809 0.493490 0.012695 0.028646
0 0.742676 0.514323 0.014648 0.031250
0 0.883301 0.396484 0.010742 0.011719
0 0.806152 0.366536 0.006836 0.011719
0 0.981934 0.330729 0.004883 0.010417
0 0.238281 0.371745 0.009766 0.016927