0 0.622070 0.841146 0.039062 0.070312
0 0.540527 0.671875 0.014648 0.028646
0 0.158203 0.779297 0.029297 0.037760
0 0.240234 0.586589 0.011719 0.022135
0 0.206055 0.611979 0.007812 0.013021
0 0.397461 0.632812 0.011719 0.018229
0 0.844727 0.613932 0.015625 0.024740
0 0.960449 0.658854 0.022461 0.039062
0 0.762695 0.593750 0.009766 0.015625
0 0.727539 0.591797 0.009766 0.019531
0 0.695801 0.582031 0.016602 0.026042
0 0.742676 0.576823 0.008789 0.013021
0 0.900879 0.592448 0.006836 0.010417
0 0.931152 0.584635 0.006836 0.010417
0 0.876465 0.583333 0.006836 0.010417
0 0.838867 0.574219 0.007812 0.013021
0 0.872070 0.555339 0.005859 0.009115
0 0.983887 0.570964 0.006836 0.011719
0 0.675293 0.593750 0.004883 0.007812
0 0.788574 0.595703 0.010742 0.011719
0 0.491211 0.590495 0.009766 0.016927
0 0.791504 0.656250 0.032227 0.046875
0 0.267578 0.590495 0.009766 0.016927
0 0.354980 0.764323 0.014648 0.028646
0 0.063965 0.766276 0.028320 0.055990