0 0.013672 0.586029 0.005859 0.010294
0 0.041016 0.575735 0.005859 0.013235
0 0.080078 0.573529 0.009766 0.020588
0 0.124512 0.565441 0.006836 0.013235
0 0.155273 0.586765 0.007812 0.017647
0 0.181152 0.584559 0.006836 0.013235
0 0.196777 0.565441 0.004883 0.013235
0 0.224121 0.568382 0.004883 0.007353
0 0.240723 0.575000 0.004883 0.008824
0 0.248535 0.575000 0.004883 0.008824
0 0.237793 0.564706 0.002930 0.005882
0 0.321289 0.580147 0.005859 0.013235
0 0.470215 0.713235 0.010742 0.032353
0 0.497559 0.587500 0.024414 0.036765
0 0.546875 0.560294 0.017578 0.032353
0 0.606445 0.547059 0.005859 0.008824
0 0.381348 0.572059 0.004883 0.008824
0 0.426270 0.557353 0.004883 0.014706