0 0.489258 0.476776 0.048828 0.046448
0 0.731445 0.670765 0.019531 0.035519
0 0.961426 0.674180 0.020508 0.034153
0 0.781738 0.667350 0.016602 0.028689
0 0.832031 0.684426 0.015625 0.030055
0 0.887695 0.697404 0.017578 0.031421
0 0.678223 0.674180 0.016602 0.031421
0 0.631836 0.681011 0.015625 0.028689
0 0.583008 0.674180 0.013672 0.028689
0 0.546387 0.684426 0.012695 0.024590
0 0.495605 0.669399 0.014648 0.027322
0 0.238770 0.667350 0.012695 0.023224
0 0.282227 0.681694 0.011719 0.024590
0 0.320801 0.668033 0.012695 0.024590
0 0.342773 0.672814 0.011719 0.023224
0 0.359375 0.675546 0.013672 0.028689
0 0.201660 0.659836 0.014648 0.027322
0 0.163574 0.663934 0.012695 0.024590
0 0.082031 0.663251 0.013672 0.028689
0 0.039551 0.657104 0.012695 0.024590
0 0.576172 0.262295 0.031250 0.049180