0 0.267578 0.885684 0.011719 0.036325
0 0.299316 0.889957 0.012695 0.027778
0 0.336914 0.883547 0.009766 0.027778
0 0.176270 0.842949 0.010742 0.023504
0 0.132812 0.967949 0.011719 0.029915
0 0.181641 0.957265 0.009766 0.029915
0 0.277344 0.697650 0.007812 0.023504
0 0.313965 0.761752 0.008789 0.023504
0 0.088867 0.747863 0.009766 0.021368
0 0.100586 0.814103 0.009766 0.025641
0 0.021973 0.756410 0.008789 0.021368
0 0.282715 0.787393 0.010742 0.027778
0 0.229492 0.803419 0.007812 0.021368
0 0.227539 0.692308 0.007812 0.021368
0 0.208984 0.612179 0.005859 0.019231
0 0.232422 0.592949 0.005859 0.019231
0 0.179688 0.684829 0.007812 0.019231
0 0.339844 0.720085 0.007812 0.025641
0 0.451172 0.701923 0.009766 0.027778
0 0.393066 0.714744 0.008789 0.023504
0 0.377441 0.698718 0.008789 0.025641
0 0.365234 0.678419 0.009766 0.023504
0 0.359863 0.675214 0.008789 0.025641
0 0.354980 0.675214 0.006836 0.021368
0 0.517578 0.696581 0.009766 0.025641
0 0.490723 0.678419 0.008789 0.023504
0 0.553223 0.675214 0.006836 0.021368
0 0.565430 0.675214 0.007812 0.021368
0 0.544922 0.654915 0.007812 0.023504
0 0.538574 0.663462 0.008789 0.019231
0 0.518066 0.631410 0.006836 0.019231
0 0.600098 0.698718 0.008789 0.025641
0 0.587891 0.685897 0.007812 0.025641
0 0.680176 0.669872 0.010742 0.023504
0 0.647461 0.659188 0.009766 0.023504
0 0.635254 0.652778 0.008789 0.023504
0 0.622070 0.644231 0.007812 0.023504
0 0.602539 0.638889 0.005859 0.017094
0 0.595703 0.622863 0.007812 0.019231
0 0.587891 0.618590 0.007812 0.019231
0 0.579102 0.614316 0.005859 0.014957
0 0.610840 0.633547 0.006836 0.019231
0 0.774902 0.651709 0.010742 0.025641
0 0.819824 0.634615 0.008789 0.025641
0 0.806641 0.630342 0.007812 0.025641
0 0.789062 0.620726 0.007812 0.023504
0 0.729492 0.647436 0.009766 0.025641
0 0.717773 0.641026 0.007812 0.025641
0 0.704590 0.623932 0.008789 0.021368
0 0.695801 0.626068 0.008789 0.021368
0 0.687500 0.619658 0.007812 0.017094
0 0.665527 0.606838 0.006836 0.017094
0 0.655762 0.601496 0.006836 0.019231
0 0.677734 0.613248 0.005859 0.017094
0 0.777344 0.623932 0.007812 0.021368
0 0.764160 0.617521 0.006836 0.021368
0 0.904785 0.724359 0.010742 0.029915
0 0.945312 0.654915 0.011719 0.027778
0 0.918457 0.651709 0.008789 0.021368
0 0.888672 0.632479 0.009766 0.025641
0 0.865234 0.657051 0.009766 0.023504
0 0.871582 0.634615 0.008789 0.025641
0 0.857910 0.614316 0.008789 0.023504
0 0.841797 0.598291 0.009766 0.021368
0 0.831055 0.604701 0.009766 0.025641
0 0.819824 0.597222 0.008789 0.023504
0 0.953613 0.618590 0.008789 0.023504
0 0.972168 0.620726 0.006836 0.023504
0 0.996094 0.602564 0.007812 0.025641
0 0.984863 0.610043 0.008789 0.023504
0 0.968750 0.587607 0.007812 0.021368
0 0.931641 0.637821 0.007812 0.019231
0 0.940918 0.615385 0.008789 0.025641
0 0.908691 0.594017 0.008789 0.021368
0 0.895508 0.597222 0.009766 0.023504
0 0.878418 0.601496 0.008789 0.023504
0 0.918945 0.498932 0.007812 0.019231
0 0.835449 0.520299 0.004883 0.014957
0 0.750488 0.507479 0.008789 0.019231
0 0.927734 0.467949 0.005859 0.017094
0 0.954102 0.471154 0.005859 0.014957
0 0.965332 0.485043 0.004883 0.012821
0 0.987305 0.477564 0.005859 0.014957
0 0.221680 0.730769 0.009766 0.025641
0 0.188965 0.713675 0.008789 0.025641
0 0.751953 0.621795 0.009766 0.017094
0 0.740723 0.621795 0.008789 0.017094
0 0.448242 0.634615 0.005859 0.012821
0 0.457031 0.650641 0.005859 0.014957
0 0.509277 0.627137 0.006836 0.014957