0 0.091309 0.406250 0.036133 0.052083
0 0.242676 0.340495 0.034180 0.053385
0 0.384277 0.268880 0.034180 0.055990
0 0.516113 0.273438 0.032227 0.049479
0 0.010254 0.485026 0.016602 0.037760
0 0.132812 0.449870 0.019531 0.032552
0 0.648438 0.322917 0.029297 0.044271
0 0.788086 0.345052 0.029297 0.049479
0 0.687988 0.287760 0.018555 0.036458
0 0.927734 0.377604 0.027344 0.049479
0 0.792969 0.275391 0.011719 0.022135
0 0.857422 0.330729 0.015625 0.026042
0 0.870605 0.262370 0.014648 0.024740
0 0.756348 0.284505 0.014648 0.022135