0 0.596191 0.384440 0.073242 0.051432
0 0.809570 0.404622 0.054688 0.042318
0 0.927734 0.438802 0.050781 0.042969
0 0.842285 0.502930 0.047852 0.041016
0 0.967773 0.390299 0.015625 0.016276
0 0.958008 0.382161 0.015625 0.011719
0 0.930176 0.385742 0.016602 0.013672
0 0.875977 0.388021 0.019531 0.014323
0 0.854980 0.379232 0.014648 0.009766
0 0.916992 0.370768 0.015625 0.013672
0 0.757324 0.402669 0.020508 0.012370
0 0.732422 0.385091 0.017578 0.011068
0 0.698242 0.387695 0.019531 0.016276
0 0.682129 0.381185 0.020508 0.021484
0 0.909668 0.347331 0.010742 0.008464
0 0.863770 0.327148 0.012695 0.011068
0 0.798340 0.304362 0.012695 0.009766
0 0.752930 0.293945 0.011719 0.009766
0 0.751953 0.378581 0.015625 0.012370
0 0.698242 0.341797 0.013672 0.010417
0 0.583008 0.304362 0.013672 0.012370
0 0.457031 0.253906 0.083984 0.063802
0 0.402832 0.379557 0.018555 0.014323
0 0.356445 0.393555 0.017578 0.013672
0 0.297363 0.389323 0.018555 0.015625
0 0.358398 0.347982 0.013672 0.012370
0 0.336914 0.350911 0.011719 0.009115
0 0.310059 0.339193 0.010742 0.009115
0 0.287598 0.355143 0.014648 0.011068
0 0.255859 0.349609 0.011719 0.010417
0 0.204102 0.355794 0.015625 0.012370
0 0.203613 0.339844 0.012695 0.010417
0 0.203613 0.405924 0.014648 0.009766
0 0.122559 0.405273 0.026367 0.030599
0 0.129395 0.510742 0.024414 0.034505
0 0.198730 0.508464 0.049805 0.039062
0 0.103516 0.343099 0.013672 0.010417