0 0.691895 0.367666 0.036133 0.057366
0 0.622559 0.361147 0.032227 0.059974
0 0.663574 0.296610 0.032227 0.061278
0 0.630859 0.256193 0.027344 0.043025
0 0.579102 0.245763 0.027344 0.045632
0 0.509277 0.264668 0.028320 0.046936
0 0.451660 0.336375 0.036133 0.059974
0 0.541016 0.344198 0.035156 0.054759
0 0.708008 0.242503 0.031250 0.046936
0 0.745605 0.322686 0.032227 0.050847
0 0.799805 0.387875 0.037109 0.058670
0 0.732910 0.391134 0.038086 0.054759
0 0.752930 0.555411 0.044922 0.067797
0 0.667480 0.573012 0.034180 0.058670
0 0.459473 0.447197 0.038086 0.062581
0 0.377441 0.391786 0.032227 0.056063
0 0.367188 0.243155 0.031250 0.032595
0 0.320312 0.245111 0.025391 0.049544
0 0.294922 0.387223 0.033203 0.054759
0 0.452148 0.604954 0.039062 0.062581
0 0.388672 0.619948 0.033203 0.063885
0 0.318359 0.585398 0.039062 0.062581
0 0.247070 0.627771 0.044922 0.056063
0 0.217773 0.425033 0.031250 0.059974
0 0.239258 0.392438 0.031250 0.054759
0 0.257324 0.355280 0.030273 0.050847
0 0.197266 0.362451 0.029297 0.041721
0 0.158203 0.392438 0.033203 0.052151
0 0.132324 0.507171 0.043945 0.067797
0 0.088379 0.419166 0.043945 0.063885
0 0.846191 0.359844 0.032227 0.052151
0 0.890625 0.389179 0.035156 0.058670
0 0.897461 0.339635 0.037109 0.053455