0 0.114258 0.422819 0.031250 0.064430
0 0.311035 0.451678 0.030273 0.057718
0 0.429199 0.445638 0.032227 0.053691
0 0.574219 0.434228 0.031250 0.057718
0 0.692383 0.422148 0.031250 0.060403
0 0.852051 0.385906 0.030273 0.055034
0 0.221191 0.275839 0.030273 0.046980
0 0.291504 0.267114 0.026367 0.042953
0 0.356445 0.257718 0.025391 0.040268
0 0.419434 0.263758 0.028320 0.044295
0 0.484863 0.265101 0.028320 0.044295
0 0.557617 0.248993 0.025391 0.046980
0 0.632324 0.258389 0.028320 0.046980
0 0.695801 0.255034 0.026367 0.042953
0 0.770020 0.264430 0.026367 0.045638
0 0.814453 0.272483 0.025391 0.045638
0 0.898438 0.263087 0.031250 0.045638