0 0.045410 0.086727 0.008789 0.019608
0 0.091309 0.104827 0.018555 0.034691
0 0.076172 0.098039 0.007812 0.021116
0 0.151855 0.121418 0.008789 0.019608
0 0.185059 0.120664 0.008789 0.018100
0 0.175781 0.077677 0.009766 0.022624
0 0.206055 0.081448 0.009766 0.021116
0 0.267578 0.080694 0.013672 0.031674
0 0.419922 0.076923 0.011719 0.036199
0 0.436035 0.077677 0.014648 0.034691
0 0.490234 0.067119 0.011719 0.025641
0 0.526855 0.087481 0.012695 0.027149
0 0.596191 0.075415 0.010742 0.021116
0 0.642578 0.078431 0.013672 0.036199
0 0.833984 0.087481 0.009766 0.021116
0 0.968262 0.060332 0.020508 0.063348
0 0.876465 0.160633 0.014648 0.022624