0 0.259766 0.644570 0.017578 0.033850
0 0.295898 0.629760 0.015625 0.035261
0 0.306641 0.612130 0.017578 0.033850
0 0.327148 0.649506 0.017578 0.032440
0 0.338867 0.598025 0.017578 0.031030
0 0.364746 0.605783 0.014648 0.032440
0 0.409668 0.612835 0.016602 0.026798
0 0.452148 0.612130 0.015625 0.025388
0 0.499023 0.631171 0.017578 0.032440
0 0.529297 0.605078 0.015625 0.028209
0 0.484863 0.752468 0.020508 0.035261
0 0.458984 0.653738 0.015625 0.032440
0 0.410645 0.653738 0.018555 0.032440
0 0.371582 0.658674 0.018555 0.033850
0 0.424805 0.746827 0.019531 0.035261
0 0.263672 0.598731 0.019531 0.032440
0 0.200195 0.607193 0.019531 0.035261
0 0.182129 0.640339 0.018555 0.036671
0 0.138184 0.623413 0.022461 0.033850
0 0.097656 0.649506 0.021484 0.032440
0 0.136719 0.744006 0.023438 0.040903
0 0.201660 0.773625 0.020508 0.040903
0 0.285156 0.770099 0.019531 0.036671
0 0.361816 0.755289 0.018555 0.035261
0 0.886719 0.604372 0.019531 0.038082
0 0.837402 0.607193 0.020508 0.038082
0 0.809082 0.605078 0.018555 0.033850
0 0.779297 0.631171 0.017578 0.035261
0 0.763672 0.615656 0.017578 0.032440
0 0.740234 0.629055 0.017578 0.033850
0 0.710449 0.642454 0.018555 0.032440
0 0.686035 0.624118 0.018555 0.032440
0 0.660156 0.641749 0.017578 0.028209
0 0.637207 0.626234 0.016602 0.028209
0 0.606445 0.591678 0.017578 0.029619
0 0.580566 0.610014 0.016602 0.032440
0 0.607910 0.638223 0.018555 0.032440
0 0.551758 0.655148 0.017578 0.032440
0 0.668457 0.741890 0.020508 0.039492
0 0.759766 0.763047 0.021484 0.036671
0 0.822266 0.766573 0.023438 0.040903
0 0.603516 0.756700 0.021484 0.032440
0 0.542969 0.753879 0.019531 0.035261