0 0.908691 0.335938 0.036133 0.049479
0 0.860352 0.376953 0.033203 0.055990
0 0.798828 0.356771 0.031250 0.046875
0 0.717773 0.350911 0.031250 0.045573
0 0.755371 0.417318 0.032227 0.048177
0 0.659180 0.440755 0.029297 0.048177
0 0.630371 0.356771 0.028320 0.041667
0 0.576660 0.345052 0.028320 0.044271
0 0.561523 0.446615 0.033203 0.046875
0 0.493652 0.335286 0.028320 0.048177
0 0.454102 0.401042 0.037109 0.049479
0 0.390625 0.343750 0.029297 0.041667
0 0.338379 0.389974 0.034180 0.055990
0 0.297852 0.339844 0.031250 0.046875
0 0.231934 0.383464 0.034180 0.050781
0 0.204590 0.329427 0.030273 0.049479
0 0.119141 0.302083 0.031250 0.044271
0 0.125000 0.393229 0.033203 0.046875