0 0.841797 0.500000 0.023438 0.046784
0 0.873535 0.388158 0.024414 0.048246
0 0.777344 0.391082 0.023438 0.048246
0 0.761230 0.505117 0.026367 0.054094
0 0.695312 0.399854 0.021484 0.045322
0 0.657227 0.521930 0.023438 0.052632
0 0.541016 0.410088 0.017578 0.042398
0 0.606445 0.381579 0.023438 0.043860
0 0.600586 0.548977 0.023438 0.045322
0 0.537109 0.537281 0.021484 0.048246
0 0.489258 0.385965 0.021484 0.049708
0 0.431152 0.401316 0.022461 0.045322
0 0.374512 0.407895 0.022461 0.046784
0 0.417969 0.548246 0.025391 0.046784
0 0.474121 0.543860 0.022461 0.043860
0 0.335938 0.548977 0.023438 0.045322
0 0.380859 0.649123 0.021484 0.043860
0 0.459961 0.648392 0.025391 0.051170
0 0.545898 0.646199 0.023438 0.046784
0 0.293945 0.661550 0.023438 0.042398
0 0.283691 0.532164 0.024414 0.049708
0 0.309082 0.432018 0.020508 0.045322
0 0.228027 0.444444 0.018555 0.038012
0 0.158691 0.454678 0.024414 0.046784
0 0.203613 0.541667 0.028320 0.045322
0 0.205566 0.668860 0.024414 0.048246
0 0.136719 0.557018 0.027344 0.052632
0 0.116211 0.653509 0.029297 0.052632
0 0.817871 0.616959 0.024414 0.055556
0 0.698730 0.631579 0.022461 0.046784
0 0.624023 0.638158 0.023438 0.048246