0 0.549316 0.410294 0.010742 0.023529
0 0.474121 0.444118 0.012695 0.026471
0 0.474609 0.375000 0.009766 0.014706
0 0.402832 0.406618 0.012695 0.019118
0 0.614746 0.385294 0.008789 0.014706
0 0.549316 0.316912 0.006836 0.010294
0 0.541016 0.340441 0.005859 0.010294
0 0.090820 0.547059 0.011719 0.023529
0 0.098145 0.479412 0.008789 0.017647
0 0.874512 0.388235 0.008789 0.017647
0 0.374512 0.361029 0.006836 0.010294
0 0.120117 0.341912 0.005859 0.013235
0 0.094727 0.336765 0.005859 0.011765
0 0.343262 0.393382 0.006836 0.010294