0 0.936035 0.381965 0.018555 0.042522
0 0.771484 0.463343 0.013672 0.026393
0 0.748535 0.404692 0.018555 0.041056
0 0.724609 0.318915 0.025391 0.063050
0 0.652832 0.400293 0.022461 0.041056
0 0.579590 0.416422 0.016602 0.032258
0 0.867188 0.486804 0.007812 0.017595
0 0.789551 0.497067 0.006836 0.014663
0 0.803223 0.505865 0.004883 0.011730
0 0.840820 0.510997 0.003906 0.010264
0 0.940430 0.507331 0.007812 0.014663
0 0.890137 0.513930 0.006836 0.013196
0 0.359863 0.425220 0.012695 0.029326
0 0.289551 0.353372 0.024414 0.046921
0 0.195312 0.398094 0.017578 0.033724
0 0.113770 0.282258 0.038086 0.077713
0 0.479980 0.258798 0.040039 0.089443
0 0.020020 0.428886 0.014648 0.033724
0 0.754883 0.454545 0.011719 0.023460
0 0.598145 0.456745 0.010742 0.027859
0 0.034180 0.066716 0.031250 0.124633