0 0.973145 0.410688 0.020508 0.039531
0 0.711914 0.441435 0.025391 0.054173
0 0.814453 0.292826 0.007812 0.023426
0 0.783203 0.256223 0.009766 0.023426
0 0.697266 0.251098 0.007812 0.019034
0 0.731934 0.213031 0.006836 0.010249
0 0.572266 0.236457 0.009766 0.019034
0 0.607910 0.270132 0.008789 0.024890
0 0.534668 0.259151 0.006836 0.020498
0 0.441406 0.219619 0.007812 0.014641
0 0.422852 0.215227 0.007812 0.011713
0 0.490723 0.326501 0.004883 0.029283
0 0.367188 0.279649 0.007812 0.023426
0 0.261230 0.254758 0.008789 0.017570
0 0.271484 0.218155 0.007812 0.017570
0 0.346191 0.229136 0.008789 0.016105
0 0.145996 0.234993 0.006836 0.016105
0 0.115723 0.252562 0.008789 0.016105
0 0.083496 0.221083 0.006836 0.014641
0 0.224609 0.198389 0.005859 0.013177
0 0.242188 0.209370 0.005859 0.014641
0 0.336426 0.204246 0.006836 0.016105
0 0.316406 0.202050 0.007812 0.011713
0 0.268555 0.194729 0.005859 0.011713
0 0.467773 0.188873 0.003906 0.011713
0 0.510742 0.196193 0.005859 0.011713