0 0.808594 0.398936 0.007812 0.013298
0 0.973145 0.406915 0.008789 0.013298
0 0.898926 0.586436 0.006836 0.013298
0 0.972656 0.602394 0.003906 0.010638
0 0.726562 0.642952 0.011719 0.022606
0 0.761230 0.581782 0.008789 0.014628
0 0.314941 0.154920 0.055664 0.086436
0 0.653320 0.818484 0.011719 0.019947
0 0.631348 0.740027 0.012695 0.019947
0 0.660645 0.712101 0.012695 0.025266
0 0.714355 0.762633 0.014648 0.027926
0 0.687012 0.781250 0.012695 0.017287
0 0.688965 0.692154 0.014648 0.025266
0 0.702148 0.712766 0.009766 0.015957
0 0.703125 0.662234 0.013672 0.026596
0 0.664062 0.626330 0.007812 0.015957
0 0.645996 0.642287 0.008789 0.015957
0 0.632324 0.621676 0.008789 0.017287
0 0.771973 0.630984 0.010742 0.025266
0 0.817383 0.637633 0.013672 0.025266
0 0.846680 0.623005 0.009766 0.014628
0 0.891113 0.678191 0.012695 0.021277
0 0.850098 0.651596 0.010742 0.021277
0 0.861328 0.723404 0.011719 0.023936
0 0.841797 0.740027 0.013672 0.022606
0 0.737793 0.688165 0.014648 0.022606
0 0.752441 0.669548 0.010742 0.022606
0 0.782715 0.663564 0.008789 0.021277
0 0.627930 0.697473 0.011719 0.019947
0 0.648438 0.693484 0.013672 0.022606
0 0.612793 0.658910 0.010742 0.022606
0 0.606934 0.634973 0.008789 0.014628
0 0.701172 0.624335 0.009766 0.017287
0 0.821289 0.729388 0.009766 0.030585
0 0.882812 0.571809 0.009766 0.018617
0 0.932129 0.561835 0.012695 0.019947
0 0.933105 0.662899 0.018555 0.033245
0 0.726562 0.386968 0.011719 0.023936
0 0.750977 0.370346 0.007812 0.014628
0 0.746582 0.462101 0.010742 0.019947
0 0.792969 0.622340 0.007812 0.015957
0 0.021973 0.478059 0.010742 0.019947
0 0.075684 0.464096 0.008789 0.013298
0 0.097656 0.471410 0.009766 0.017287
0 0.862793 0.410904 0.010742 0.021277
0 0.893066 0.444814 0.012695 0.019947
0 0.959961 0.338431 0.011719 0.019947
0 0.826172 0.397606 0.009766 0.018617
0 0.184570 0.444149 0.009766 0.015957
0 0.185547 0.416888 0.005859 0.011968
0 0.225098 0.415559 0.006836 0.011968
0 0.226562 0.449468 0.011719 0.023936
0 0.097656 0.442154 0.007812 0.011968
0 0.130859 0.461436 0.009766 0.015957
0 0.991699 0.408245 0.012695 0.026596
0 0.756348 0.753324 0.008789 0.014628
0 0.768555 0.455452 0.009766 0.019947
0 0.751465 0.435505 0.012695 0.022606
0 0.788086 0.453457 0.013672 0.026596
0 0.808594 0.458112 0.009766 0.017287
0 0.853516 0.455452 0.009766 0.019947
0 0.818359 0.419548 0.011719 0.022606
0 0.862305 0.371011 0.009766 0.021277