0 0.990723 0.558594 0.018555 0.057292
0 0.961426 0.474609 0.030273 0.045573
0 0.954102 0.605469 0.039062 0.059896
0 0.936035 0.551432 0.030273 0.050781
0 0.901367 0.521484 0.031250 0.045573
0 0.909668 0.481120 0.026367 0.040365
0 0.867676 0.490234 0.030273 0.040365
0 0.857910 0.602214 0.034180 0.055990
0 0.897949 0.574870 0.034180 0.058594
0 0.845215 0.546875 0.034180 0.054688
0 0.801758 0.550130 0.035156 0.055990
0 0.786133 0.509115 0.029297 0.046875
0 0.789062 0.462891 0.027344 0.040365
0 0.737305 0.479818 0.027344 0.045573
0 0.761719 0.548828 0.033203 0.053385
0 0.712891 0.599609 0.035156 0.053385
0 0.696777 0.545573 0.032227 0.049479
0 0.672363 0.594401 0.034180 0.063802
0 0.653320 0.530599 0.033203 0.055990
0 0.611328 0.479818 0.029297 0.050781
0 0.610840 0.536458 0.032227 0.054688
0 0.580078 0.569661 0.035156 0.061198
0 0.538574 0.609375 0.036133 0.054688
0 0.491211 0.561849 0.031250 0.050781
0 0.538086 0.514974 0.031250 0.048177
0 0.568359 0.517578 0.025391 0.042969
0 0.501953 0.522786 0.027344 0.048177
0 0.446289 0.579427 0.033203 0.057292
0 0.454102 0.524089 0.025391 0.045573
0 0.465820 0.490885 0.027344 0.049479
0 0.424805 0.497396 0.027344 0.049479
0 0.399414 0.563802 0.033203 0.052083
0 0.357910 0.582031 0.038086 0.054688
0 0.366699 0.528646 0.030273 0.052083
0 0.333008 0.496745 0.029297 0.042969
0 0.312012 0.559896 0.032227 0.054688
0 0.297363 0.508464 0.034180 0.050781
0 0.250977 0.470052 0.027344 0.039062
0 0.255859 0.516276 0.021484 0.048177
0 0.237305 0.524740 0.031250 0.041667
0 0.220703 0.573568 0.033203 0.053385
0 0.176758 0.589844 0.037109 0.057292
0 0.212891 0.473958 0.029297 0.039062
0 0.174805 0.518880 0.029297 0.048177
0 0.136719 0.555339 0.031250 0.053385
0 0.131836 0.478516 0.031250 0.042969
0 0.094238 0.556641 0.032227 0.048177
0 0.089844 0.630859 0.035156 0.048177
0 0.041016 0.540365 0.037109 0.054688
0 0.065430 0.481120 0.031250 0.050781
0 0.009277 0.601562 0.018555 0.062500
0 0.012207 0.526042 0.024414 0.041667
0 0.277344 0.594401 0.037109 0.053385