0 0.042480 0.426277 0.004883 0.008759
0 0.109375 0.453285 0.005859 0.010219
0 0.167480 0.458394 0.006836 0.014599
0 0.935547 0.502920 0.005859 0.010219
0 0.932617 0.487591 0.005859 0.011679
0 0.908203 0.472993 0.005859 0.011679
0 0.908691 0.548175 0.006836 0.013139
0 0.293945 0.508759 0.011719 0.018978
0 0.192383 0.491241 0.007812 0.016058
0 0.239258 0.470073 0.007812 0.014599
0 0.262207 0.469343 0.006836 0.013139
0 0.932129 0.543066 0.006836 0.017518
0 0.837891 0.534307 0.007812 0.014599
0 0.841309 0.486861 0.006836 0.013139
0 0.905762 0.518978 0.008789 0.016058
0 0.278320 0.466423 0.005859 0.013139
0 0.207520 0.402190 0.004883 0.010219
0 0.295410 0.478832 0.006836 0.011679
0 0.262207 0.490511 0.010742 0.020438
0 0.375000 0.478102 0.005859 0.016058
0 0.335938 0.500000 0.007812 0.018978
0 0.331543 0.477372 0.008789 0.014599
0 0.452637 0.547445 0.010742 0.017518
0 0.959961 0.724088 0.019531 0.035036
0 0.984375 0.643796 0.015625 0.026277
0 0.976074 0.586131 0.008789 0.018978
0 0.954590 0.652555 0.014648 0.023358
0 0.880859 0.697810 0.017578 0.035036
0 0.848633 0.727737 0.017578 0.033577
0 0.781738 0.659124 0.012695 0.024818
0 0.932617 0.597810 0.011719 0.024818
0 0.952148 0.565693 0.009766 0.024818
0 0.964355 0.543796 0.008789 0.018978
0 0.899414 0.570073 0.011719 0.018978
0 0.841309 0.556934 0.010742 0.021898
0 0.861816 0.519708 0.010742 0.014599
0 0.881836 0.638686 0.013672 0.027737
0 0.835449 0.610949 0.012695 0.024818
0 0.884766 0.547445 0.009766 0.020438
0 0.294434 0.830657 0.020508 0.049635
0 0.269531 0.951825 0.027344 0.058394
0 0.395508 0.802190 0.023438 0.045255
0 0.488770 0.916788 0.020508 0.046715
0 0.554688 0.963504 0.037109 0.070073
0 0.609863 0.791241 0.024414 0.052555
0 0.661133 0.770803 0.027344 0.046715
0 0.548828 0.719708 0.017578 0.035036
0 0.478516 0.756934 0.021484 0.048175
0 0.647949 0.662774 0.022461 0.040876
0 0.173340 0.683942 0.016602 0.027737
0 0.107910 0.751825 0.016602 0.037956
0 0.079590 0.603650 0.016602 0.027737
0 0.039551 0.605109 0.012695 0.024818
0 0.011230 0.586131 0.006836 0.027737
0 0.151367 0.600730 0.013672 0.027737
0 0.218262 0.584672 0.012695 0.024818
0 0.173340 0.559124 0.012695 0.023358
0 0.148438 0.555474 0.009766 0.021898
0 0.125977 0.544526 0.009766 0.020438
0 0.064941 0.546715 0.010742 0.024818
0 0.048340 0.539416 0.008789 0.024818
0 0.027344 0.454015 0.007812 0.011679
0 0.012207 0.528467 0.006836 0.017518
0 0.130371 0.502190 0.010742 0.020438
0 0.147949 0.518248 0.010742 0.020438
0 0.208984 0.522628 0.009766 0.020438
0 0.175781 0.497810 0.009766 0.020438
0 0.210449 0.463504 0.006836 0.013139
0 0.109863 0.481752 0.010742 0.017518
0 0.075195 0.480292 0.007812 0.017518
0 0.361816 0.592701 0.014648 0.029197
0 0.421387 0.582482 0.012695 0.023358
0 0.466797 0.613139 0.011719 0.023358
0 0.498047 0.629197 0.013672 0.029197
0 0.395508 0.611679 0.011719 0.020438
0 0.330078 0.699270 0.023438 0.032117
0 0.252930 0.604380 0.017578 0.035036
0 0.274902 0.608759 0.012695 0.026277
0 0.292480 0.616058 0.010742 0.026277
0 0.245117 0.510949 0.007812 0.014599
0 0.272949 0.524818 0.008789 0.018978
0 0.325684 0.538686 0.010742 0.023358
0 0.366211 0.551095 0.011719 0.018978
0 0.327148 0.601460 0.013672 0.029197
0 0.393555 0.526277 0.009766 0.016058
0 0.420898 0.507299 0.007812 0.018978
0 0.479492 0.518978 0.009766 0.018978
0 0.448730 0.527007 0.010742 0.020438
0 0.463867 0.500730 0.007812 0.017518
0 0.508789 0.525547 0.007812 0.014599
0 0.562012 0.670803 0.016602 0.027737
0 0.582031 0.604380 0.009766 0.023358
0 0.539551 0.545985 0.008789 0.017518
0 0.517090 0.493431 0.008789 0.017518
0 0.587402 0.547445 0.010742 0.020438
0 0.610840 0.578102 0.006836 0.017518
0 0.644531 0.602920 0.013672 0.026277
0 0.731445 0.647445 0.013672 0.024818
0 0.728027 0.559854 0.010742 0.021898
0 0.704102 0.543796 0.009766 0.018978
0 0.667480 0.529197 0.008789 0.016058
0 0.692383 0.505839 0.007812 0.016058
0 0.804688 0.516788 0.007812 0.014599
0 0.780762 0.527737 0.008789 0.016058
0 0.771973 0.500730 0.006836 0.014599
0 0.776367 0.484672 0.007812 0.014599
0 0.629395 0.589051 0.012695 0.024818
0 0.579102 0.576642 0.013672 0.026277
0 0.584961 0.516788 0.009766 0.017518
0 0.613281 0.507299 0.007812 0.016058
0 0.625488 0.527737 0.010742 0.021898
0 0.650879 0.472263 0.006836 0.016058
0 0.561035 0.497810 0.008789 0.020438
0 0.714355 0.510949 0.008789 0.017518
0 0.504883 0.588321 0.009766 0.026277
0 0.489746 0.552555 0.006836 0.016058
0 0.460449 0.465693 0.006836 0.011679
0 0.493652 0.457664 0.008789 0.016058
0 0.422852 0.462774 0.005859 0.011679
0 0.601074 0.462044 0.010742 0.013139
0 0.637695 0.473723 0.005859 0.010219
0 0.389160 0.957664 0.030273 0.043796
0 0.367188 0.459854 0.007812 0.014599
0 0.135742 0.443066 0.005859 0.010219
0 0.131836 0.459854 0.005859 0.011679
0 0.090820 0.455474 0.005859 0.011679
0 0.108887 0.400000 0.002930 0.005839
0 0.118164 0.400730 0.003906 0.007299
0 0.029785 0.480292 0.008789 0.014599
0 0.046875 0.459124 0.007812 0.016058
0 0.217285 0.499270 0.010742 0.029197
0 0.564941 0.592701 0.008789 0.020438
0 0.947754 0.986861 0.030273 0.026277