0 0.374512 0.490885 0.024414 0.049479
0 0.865723 0.348958 0.004883 0.010417
0 0.964844 0.291667 0.007812 0.013021
0 0.945801 0.294922 0.006836 0.011719
0 0.924805 0.294271 0.007812 0.013021
0 0.933594 0.316406 0.007812 0.013021
0 0.950195 0.319010 0.005859 0.013021
0 0.906250 0.294271 0.005859 0.013021
0 0.915039 0.274089 0.005859 0.011719
0 0.915039 0.286458 0.005859 0.010417
0 0.922363 0.276042 0.004883 0.010417
0 0.935547 0.276042 0.005859 0.010417
0 0.954590 0.274740 0.006836 0.013021
0 0.964355 0.272786 0.006836 0.011719
0 0.978027 0.278646 0.006836 0.013021
0 0.989258 0.292969 0.005859 0.013021
0 0.995605 0.287760 0.004883 0.010417
0 0.994629 0.276693 0.006836 0.011719
0 0.983887 0.276693 0.006836 0.011719
0 0.979492 0.266276 0.007812 0.011719
0 0.980469 0.251953 0.005859 0.011719
0 0.995605 0.254557 0.006836 0.011719
0 0.997559 0.263672 0.004883 0.009115
0 0.957031 0.253255 0.005859 0.011719
0 0.944336 0.261719 0.005859 0.010417
0 0.922852 0.254557 0.005859 0.009115
0 0.935059 0.265625 0.006836 0.010417
0 0.900879 0.250651 0.006836 0.014323
0 0.897949 0.276693 0.006836 0.014323
0 0.912109 0.264974 0.005859 0.009115
0 0.904785 0.238932 0.006836 0.011719
0 0.926270 0.237630 0.006836 0.011719
0 0.943848 0.238932 0.006836 0.011719
0 0.952148 0.239583 0.005859 0.013021
0 0.996094 0.221354 0.005859 0.013021
0 0.992188 0.240234 0.005859 0.011719
0 0.976562 0.222656 0.005859 0.013021
0 0.992676 0.209635 0.006836 0.013021
0 0.982910 0.196615 0.004883 0.007812
0 0.968262 0.233073 0.006836 0.013021
0 0.955566 0.227214 0.006836 0.011719
0 0.934570 0.224609 0.005859 0.011719
0 0.934082 0.236328 0.006836 0.011719
0 0.918457 0.212240 0.006836 0.015625
0 0.942383 0.212891 0.005859 0.011719
0 0.941895 0.198568 0.006836 0.011719
0 0.921875 0.199219 0.005859 0.010417
0 0.912109 0.188151 0.005859 0.011719
0 0.926758 0.186849 0.005859 0.011719
0 0.922852 0.176432 0.005859 0.011719
0 0.915527 0.177734 0.008789 0.011719
0 0.938965 0.171875 0.004883 0.010417
0 0.950195 0.183594 0.005859 0.013021
0 0.959473 0.199219 0.006836 0.013021
0 0.964355 0.208333 0.006836 0.013021
0 0.972656 0.182943 0.005859 0.011719
0 0.997070 0.180990 0.005859 0.013021
0 0.980957 0.163411 0.006836 0.011719
0 0.961914 0.162760 0.005859 0.010417
0 0.936523 0.160807 0.005859 0.009115
0 0.980957 0.152344 0.006836 0.010417
0 0.973633 0.158203 0.005859 0.009115
0 0.969727 0.155599 0.003906 0.006510
0 0.969238 0.139323 0.004883 0.010417
0 0.987305 0.139323 0.005859 0.013021
0 0.989258 0.122396 0.005859 0.010417
0 0.971191 0.123047 0.004883 0.011719
0 0.958008 0.124349 0.005859 0.011719
0 0.953125 0.133464 0.005859 0.011719
0 0.958984 0.153646 0.005859 0.010417
0 0.938477 0.154297 0.005859 0.011719
0 0.933105 0.140625 0.004883 0.010417
0 0.937988 0.125000 0.006836 0.013021
0 0.919922 0.123698 0.005859 0.010417
0 0.930664 0.119141 0.005859 0.009115
0 0.921875 0.152995 0.005859 0.011719
0 0.916016 0.138021 0.005859 0.010417
0 0.921387 0.137370 0.004883 0.009115
0 0.935059 0.097656 0.006836 0.020833
0 0.927734 0.093099 0.005859 0.011719
0 0.955078 0.102865 0.007812 0.015625
0 0.964844 0.089193 0.005859 0.011719
0 0.978027 0.103516 0.004883 0.011719
0 0.986328 0.093099 0.005859 0.011719
0 0.995117 0.082682 0.005859 0.011719
0 0.971680 0.072917 0.005859 0.010417
0 0.951660 0.074870 0.006836 0.011719
0 0.995117 0.074219 0.005859 0.010417
0 0.996582 0.050130 0.004883 0.011719
0 0.980469 0.053385 0.005859 0.010417
0 0.944824 0.057292 0.006836 0.010417
0 0.933105 0.074870 0.006836 0.009115
0 0.937988 0.038411 0.006836 0.011719
0 0.947266 0.037109 0.005859 0.011719
0 0.954102 0.018880 0.005859 0.009115
0 0.884766 0.292318 0.007812 0.014323
0 0.892578 0.270833 0.007812 0.015625
0 0.881348 0.253906 0.006836 0.013021
0 0.877441 0.272135 0.006836 0.013021
0 0.871582 0.263021 0.006836 0.013021
0 0.861816 0.278646 0.006836 0.013021
0 0.860840 0.296224 0.006836 0.014323
0 0.839355 0.298828 0.006836 0.011719
0 0.842285 0.282552 0.006836 0.010417
0 0.854492 0.263672 0.005859 0.011719
0 0.822266 0.296875 0.005859 0.010417
0 0.803711 0.298828 0.005859 0.011719
0 0.800781 0.279297 0.005859 0.009115
0 0.821289 0.280599 0.005859 0.011719
0 0.831543 0.263672 0.006836 0.011719
0 0.813965 0.263021 0.006836 0.013021
0 0.802734 0.251953 0.005859 0.011719
0 0.821289 0.251302 0.005859 0.010417
0 0.838379 0.251302 0.006836 0.013021
0 0.823242 0.235677 0.005859 0.010417
0 0.857910 0.251302 0.006836 0.013021
0 0.859863 0.236979 0.006836 0.010417
0 0.865723 0.226562 0.006836 0.010417
0 0.886719 0.241536 0.005859 0.011719
0 0.888184 0.225260 0.006836 0.013021
0 0.871582 0.219401 0.006836 0.009115
0 0.877441 0.231120 0.006836 0.011719
0 0.841309 0.216797 0.006836 0.009115
0 0.836426 0.225260 0.006836 0.010417
0 0.911621 0.226562 0.006836 0.015625
0 0.895020 0.212891 0.006836 0.014323
0 0.897949 0.192708 0.006836 0.013021
0 0.900879 0.170573 0.006836 0.013021
0 0.911133 0.171224 0.003906 0.011719
0 0.864746 0.152995 0.006836 0.011719
0 0.881348 0.154948 0.004883 0.010417
0 0.901855 0.151693 0.006836 0.011719
0 0.897949 0.124349 0.006836 0.011719
0 0.881348 0.141276 0.006836 0.011719
0 0.899902 0.139323 0.006836 0.010417
0 0.878906 0.127604 0.005859 0.010417
0 0.902344 0.102214 0.005859 0.011719
0 0.862793 0.140625 0.006836 0.010417
0 0.859375 0.126953 0.005859 0.011719
0 0.849609 0.128906 0.005859 0.010417
0 0.840820 0.154297 0.005859 0.011719
0 0.845215 0.142578 0.004883 0.011719
0 0.853027 0.143229 0.004883 0.007812
0 0.823242 0.158854 0.005859 0.010417
0 0.807617 0.157552 0.005859 0.010417
0 0.810547 0.140625 0.005859 0.010417
0 0.827148 0.140625 0.005859 0.010417
0 0.827637 0.128255 0.004883 0.009115
0 0.807617 0.126302 0.005859 0.010417
0 0.823730 0.108073 0.004883 0.010417
0 0.819336 0.106771 0.005859 0.010417
0 0.829590 0.098958 0.004883 0.010417
0 0.841797 0.106120 0.005859 0.011719
0 0.848633 0.099609 0.005859 0.009115
0 0.860352 0.106120 0.005859 0.011719
0 0.874512 0.105469 0.004883 0.010417
0 0.892090 0.084635 0.006836 0.013021
0 0.837402 0.077474 0.004883 0.009115
0 0.816895 0.086589 0.004883 0.009115
0 0.812012 0.073568 0.004883 0.009115
0 0.800293 0.106120 0.004883 0.011719
0 0.827148 0.061198 0.005859 0.010417
0 0.847656 0.063151 0.005859 0.011719
0 0.851562 0.039714 0.005859 0.011719
0 0.825195 0.042318 0.003906 0.009115
0 0.888672 0.116536 0.005859 0.011719
0 0.910156 0.094401 0.007812 0.016927
0 0.913086 0.057943 0.005859 0.011719
0 0.932617 0.065755 0.007812 0.014323
0 0.718750 0.350911 0.005859 0.011719
0 0.661621 0.339193 0.006836 0.011719
0 0.668457 0.297526 0.006836 0.014323
0 0.685059 0.294922 0.006836 0.011719
0 0.705566 0.295573 0.006836 0.013021
0 0.650391 0.299479 0.005859 0.010417
0 0.617676 0.345703 0.006836 0.014323
0 0.580566 0.341146 0.006836 0.015625
0 0.546875 0.338542 0.007812 0.013021
0 0.576172 0.300130 0.005859 0.011719
0 0.553711 0.299479 0.005859 0.010417
0 0.589355 0.300781 0.004883 0.010417
0 0.594727 0.296224 0.005859 0.011719
0 0.613281 0.301432 0.005859 0.011719
0 0.632324 0.300130 0.006836 0.011719
0 0.625000 0.281901 0.005859 0.014323
0 0.609375 0.285156 0.005859 0.013021
0 0.590820 0.284505 0.005859 0.014323
0 0.577148 0.285156 0.005859 0.013021
0 0.584473 0.275391 0.006836 0.011719
0 0.556641 0.285807 0.005859 0.011719
0 0.544922 0.282552 0.005859 0.010417
0 0.537598 0.290365 0.006836 0.010417
0 0.535156 0.279297 0.005859 0.011719
0 0.548828 0.274740 0.005859 0.010417
0 0.522461 0.350260 0.005859 0.013021
0 0.520996 0.311849 0.006836 0.009115
0 0.531250 0.317057 0.003906 0.009115
0 0.497559 0.295573 0.006836 0.013021
0 0.515137 0.296224 0.004883 0.011719
0 0.475098 0.296875 0.006836 0.013021
0 0.459473 0.304688 0.006836 0.013021
0 0.435059 0.300130 0.006836 0.014323
0 0.451172 0.326172 0.005859 0.009115
0 0.492188 0.366536 0.005859 0.009115
0 0.195801 0.339844 0.006836 0.013021
0 0.204102 0.339193 0.005859 0.009115
0 0.200684 0.301432 0.006836 0.011719
0 0.212891 0.289062 0.005859 0.010417
0 0.210938 0.271484 0.005859 0.011719
0 0.190430 0.272786 0.005859 0.009115
0 0.175781 0.295573 0.005859 0.013021
0 0.184082 0.299479 0.004883 0.010417
0 0.166016 0.302734 0.005859 0.011719
0 0.171875 0.272135 0.005859 0.010417
0 0.222656 0.302734 0.005859 0.011719
0 0.229980 0.332682 0.006836 0.011719
0 0.238281 0.302083 0.005859 0.013021
0 0.208984 0.296875 0.005859 0.010417
0 0.229980 0.288411 0.006836 0.011719
0 0.376465 0.338542 0.006836 0.013021
0 0.364746 0.319010 0.006836 0.013021
0 0.352051 0.324870 0.008789 0.009115
0 0.341797 0.329427 0.005859 0.013021
0 0.321289 0.321615 0.005859 0.010417
0 0.366211 0.301432 0.005859 0.011719
0 0.364258 0.308594 0.003906 0.007812
0 0.346680 0.300781 0.005859 0.013021
0 0.319824 0.304036 0.006836 0.009115
0 0.318848 0.289062 0.006836 0.010417
0 0.338867 0.287760 0.005859 0.013021
0 0.347656 0.283203 0.005859 0.009115
0 0.357422 0.287109 0.005859 0.009115
0 0.338867 0.277995 0.003906 0.006510
0 0.377441 0.287109 0.006836 0.011719
0 0.397461 0.322917 0.007812 0.013021
0 0.386719 0.299479 0.005859 0.010417
0 0.395508 0.287109 0.005859 0.009115
0 0.410156 0.301432 0.005859 0.011719
0 0.413086 0.287109 0.005859 0.009115
0 0.409668 0.273438 0.006836 0.010417
0 0.430664 0.283203 0.005859 0.011719
0 0.106445 0.354167 0.005859 0.013021
0 0.104004 0.341797 0.004883 0.009115
0 0.085938 0.354818 0.005859 0.011719
0 0.065918 0.351562 0.006836 0.013021
0 0.071289 0.304036 0.005859 0.009115
0 0.089844 0.302083 0.007812 0.013021
0 0.007324 0.349609 0.006836 0.011719
0 0.010742 0.342448 0.003906 0.007812
0 0.012207 0.301432 0.006836 0.014323
0 0.034180 0.299479 0.005859 0.010417
0 0.050781 0.300781 0.005859 0.010417
0 0.045898 0.289062 0.005859 0.010417
0 0.041992 0.278646 0.005859 0.010417
0 0.039062 0.268229 0.005859 0.010417
0 0.026855 0.282552 0.006836 0.010417
0 0.024902 0.288411 0.006836 0.009115
0 0.019531 0.265625 0.005859 0.010417
0 0.006836 0.289062 0.005859 0.010417
0 0.012695 0.280599 0.005859 0.009115
0 0.003906 0.266927 0.005859 0.010417
0 0.009277 0.246094 0.004883 0.007812
0 0.023926 0.250000 0.004883 0.010417
0 0.023438 0.239583 0.005859 0.007812
0 0.043945 0.250000 0.005859 0.010417
0 0.041016 0.236328 0.005859 0.011719
0 0.110352 0.298177 0.005859 0.013021
0 0.106445 0.285807 0.005859 0.011719
0 0.102539 0.276042 0.005859 0.013021
0 0.083496 0.287109 0.006836 0.011719
0 0.091797 0.277995 0.003906 0.009115
0 0.079590 0.276042 0.006836 0.010417
0 0.068359 0.289062 0.005859 0.013021
0 0.060059 0.281901 0.006836 0.011719
0 0.064453 0.264323 0.005859 0.010417
0 0.084961 0.266927 0.005859 0.010417
0 0.103027 0.262370 0.004883 0.009115
0 0.101074 0.249349 0.004883 0.009115
0 0.081543 0.254557 0.004883 0.009115
0 0.066895 0.249349 0.004883 0.009115
0 0.085449 0.238932 0.004883 0.009115
0 0.105957 0.238281 0.004883 0.010417
0 0.069824 0.237630 0.004883 0.009115
0 0.091309 0.249349 0.002930 0.006510
0 0.145996 0.301432 0.004883 0.011719
0 0.139648 0.300781 0.003906 0.007812
0 0.124023 0.304688 0.005859 0.010417
0 0.129395 0.301432 0.006836 0.011719
0 0.119629 0.287109 0.004883 0.009115
0 0.124512 0.287109 0.004883 0.009115
0 0.119141 0.274089 0.005859 0.009115
0 0.133789 0.283203 0.005859 0.011719
0 0.140137 0.291016 0.004883 0.009115
0 0.156250 0.287109 0.005859 0.011719
0 0.155273 0.275391 0.005859 0.009115
0 0.160645 0.267578 0.004883 0.009115
0 0.145020 0.264974 0.006836 0.011719
0 0.137695 0.259115 0.005859 0.007812
0 0.123047 0.266927 0.005859 0.010417
0 0.118164 0.265625 0.003906 0.007812
0 0.118164 0.251302 0.005859 0.010417
0 0.123535 0.234375 0.004883 0.013021
0 0.142578 0.235026 0.005859 0.011719
0 0.143555 0.249349 0.005859 0.011719
0 0.159668 0.251302 0.004883 0.010417
0 0.161133 0.237630 0.005859 0.009115
0 0.156250 0.230469 0.005859 0.010417
0 0.298828 0.319661 0.005859 0.011719
0 0.276367 0.324219 0.005859 0.013021
0 0.274414 0.314453 0.005859 0.009115
0 0.258301 0.324219 0.006836 0.010417
0 0.259766 0.300130 0.005859 0.011719
0 0.280273 0.298828 0.005859 0.011719
0 0.299316 0.300781 0.006836 0.013021
0 0.301758 0.285807 0.005859 0.011719
0 0.282227 0.285156 0.005859 0.010417
0 0.265137 0.286458 0.006836 0.013021
0 0.269531 0.272135 0.005859 0.010417
0 0.248535 0.271484 0.006836 0.011719
0 0.255371 0.261068 0.004883 0.009115
0 0.274414 0.259766 0.005859 0.011719
0 0.289062 0.271484 0.005859 0.011719
0 0.291016 0.261719 0.005859 0.010417
0 0.308594 0.269531 0.005859 0.010417
0 0.310547 0.255208 0.005859 0.010417
0 0.781738 0.294922 0.006836 0.011719
0 0.761230 0.294922 0.006836 0.011719
0 0.742676 0.294271 0.006836 0.013021
0 0.723145 0.294922 0.006836 0.011719
0 0.720703 0.278646 0.005859 0.010417
0 0.741699 0.278646 0.006836 0.013021
0 0.700684 0.283203 0.006836 0.011719
0 0.690430 0.283854 0.005859 0.010417
0 0.691895 0.268229 0.006836 0.010417
0 0.694336 0.251953 0.005859 0.011719
0 0.711426 0.264974 0.006836 0.011719
0 0.730469 0.261719 0.005859 0.010417
0 0.714844 0.250651 0.005859 0.011719
0 0.769043 0.272786 0.004883 0.009115
0 0.764160 0.279948 0.006836 0.013021
0 0.782715 0.278646 0.006836 0.013021
0 0.792480 0.262370 0.006836 0.011719
0 0.750977 0.264974 0.005859 0.011719
0 0.769043 0.264974 0.006836 0.011719
0 0.757812 0.250651 0.005859 0.014323
0 0.783691 0.251953 0.006836 0.014323
0 0.735352 0.251953 0.005859 0.011719
0 0.748535 0.237630 0.004883 0.011719
0 0.767090 0.239583 0.006836 0.013021
0 0.757812 0.242839 0.005859 0.011719
0 0.730957 0.235677 0.006836 0.013021
0 0.711914 0.236328 0.005859 0.011719
0 0.695801 0.229167 0.004883 0.010417
0 0.789062 0.222005 0.007812 0.009115
0 0.762207 0.222656 0.004883 0.010417
0 0.780273 0.197917 0.005859 0.010417
0 0.774414 0.186198 0.005859 0.010417
0 0.786133 0.171224 0.005859 0.009115
0 0.798828 0.166016 0.003906 0.009115
0 0.792969 0.160807 0.005859 0.011719
0 0.771484 0.158854 0.005859 0.010417
0 0.760742 0.169271 0.005859 0.013021
0 0.759277 0.197917 0.006836 0.010417
0 0.749023 0.207682 0.005859 0.011719
0 0.753418 0.188151 0.004883 0.009115
0 0.740723 0.189453 0.006836 0.011719
0 0.740234 0.203776 0.005859 0.009115
0 0.754395 0.199219 0.004883 0.007812
0 0.791992 0.145182 0.005859 0.011719
0 0.774414 0.148438 0.005859 0.010417
0 0.750488 0.158203 0.004883 0.009115
0 0.739258 0.172526 0.005859 0.009115
0 0.760742 0.155599 0.005859 0.006510
0 0.749512 0.147786 0.004883 0.009115
0 0.750977 0.135417 0.005859 0.010417
0 0.771484 0.128906 0.005859 0.013021
0 0.767578 0.130859 0.003906 0.009115
0 0.790527 0.129557 0.004883 0.014323
0 0.790039 0.110677 0.005859 0.010417
0 0.783203 0.103516 0.005859 0.011719
0 0.761719 0.149740 0.005859 0.010417
0 0.766113 0.108724 0.004883 0.009115
0 0.750977 0.110677 0.005859 0.010417
0 0.762207 0.089193 0.004883 0.011719
0 0.743652 0.089193 0.004883 0.009115
0 0.746582 0.069661 0.004883 0.009115
0 0.782715 0.085938 0.004883 0.010417
0 0.765137 0.068359 0.004883 0.009115
0 0.786133 0.065755 0.003906 0.009115
0 0.781738 0.064453 0.004883 0.009115
0 0.765137 0.044271 0.004883 0.007812
0 0.670898 0.278646 0.005859 0.013021
0 0.675781 0.265625 0.005859 0.010417
0 0.655762 0.267578 0.006836 0.009115
0 0.663574 0.255208 0.004883 0.013021
0 0.673828 0.257812 0.003906 0.007812
0 0.671875 0.238281 0.005859 0.010417
0 0.689453 0.240234 0.005859 0.011719
0 0.677734 0.229167 0.005859 0.010417
0 0.673340 0.217448 0.004883 0.007812
0 0.660156 0.229167 0.005859 0.010417
0 0.651855 0.242839 0.004883 0.011719
0 0.644043 0.259115 0.006836 0.010417
0 0.647461 0.283203 0.005859 0.011719
0 0.635742 0.270182 0.005859 0.011719
0 0.628418 0.258464 0.006836 0.011719
0 0.632812 0.243490 0.005859 0.013021
0 0.642578 0.223958 0.005859 0.013021
0 0.655762 0.216146 0.004883 0.010417
0 0.649414 0.217448 0.003906 0.007812
0 0.633789 0.215495 0.005859 0.011719
0 0.619141 0.231120 0.005859 0.011719
0 0.734863 0.222656 0.004883 0.010417
0 0.730957 0.210286 0.004883 0.009115
0 0.724609 0.207682 0.005859 0.009115
0 0.715820 0.205078 0.005859 0.009115
0 0.710938 0.211589 0.005859 0.011719
0 0.712402 0.223307 0.004883 0.011719
0 0.694336 0.213542 0.005859 0.010417
0 0.700684 0.206380 0.006836 0.011719
0 0.701172 0.194010 0.005859 0.010417
0 0.722656 0.186849 0.005859 0.011719
0 0.675781 0.198568 0.005859 0.011719
0 0.664062 0.201172 0.005859 0.011719
0 0.668457 0.189453 0.004883 0.011719
0 0.662109 0.192057 0.005859 0.009115
0 0.686523 0.189453 0.005859 0.011719
0 0.683594 0.177083 0.005859 0.010417
0 0.665527 0.178385 0.004883 0.010417
0 0.670898 0.168620 0.005859 0.009115
0 0.679199 0.186849 0.004883 0.009115
0 0.705078 0.174479 0.005859 0.013021
0 0.723633 0.175781 0.005859 0.010417
0 0.727539 0.166016 0.005859 0.009115
0 0.708008 0.164714 0.005859 0.009115
0 0.689941 0.166667 0.004883 0.010417
0 0.696777 0.165365 0.004883 0.007812
0 0.735840 0.153646 0.004883 0.007812
0 0.733887 0.141276 0.004883 0.009115
0 0.721680 0.148438 0.005859 0.010417
0 0.710938 0.149740 0.005859 0.010417
0 0.719727 0.132161 0.005859 0.011719
0 0.697266 0.139323 0.005859 0.010417
0 0.679688 0.154297 0.005859 0.011719
0 0.675781 0.142578 0.005859 0.011719
0 0.662109 0.155599 0.005859 0.009115
0 0.730469 0.114583 0.005859 0.010417
0 0.709961 0.113932 0.005859 0.009115
0 0.706543 0.130208 0.004883 0.010417
0 0.699707 0.121094 0.004883 0.010417
0 0.684082 0.117188 0.004883 0.007812
0 0.682129 0.107422 0.004883 0.009115
0 0.702637 0.091797 0.004883 0.009115
0 0.722656 0.088542 0.005859 0.010417
0 0.688965 0.091797 0.006836 0.011719
0 0.701660 0.082682 0.004883 0.006510
0 0.666016 0.117188 0.005859 0.010417
0 0.661621 0.104167 0.004883 0.010417
0 0.653809 0.117839 0.004883 0.009115
0 0.659180 0.140625 0.005859 0.010417
0 0.686035 0.133464 0.004883 0.009115
0 0.680664 0.126953 0.003906 0.006510
0 0.658691 0.090495 0.004883 0.009115
0 0.684082 0.078125 0.004883 0.007812
0 0.795898 0.097005 0.003906 0.006510
0 0.798340 0.087240 0.004883 0.010417
0 0.796387 0.063151 0.004883 0.009115
0 0.796387 0.053385 0.004883 0.010417
0 0.738770 0.053385 0.004883 0.010417
0 0.729004 0.067708 0.004883 0.007812
0 0.728027 0.054688 0.004883 0.010417
0 0.711426 0.070964 0.004883 0.009115
0 0.708496 0.051432 0.004883 0.009115
0 0.734863 0.033203 0.004883 0.009115
0 0.713867 0.061198 0.005859 0.007812
0 0.616211 0.266276 0.005859 0.011719
0 0.606934 0.259115 0.006836 0.013021
0 0.597168 0.274089 0.006836 0.011719
0 0.591797 0.263021 0.005859 0.010417
0 0.584473 0.262370 0.004883 0.009115
0 0.574707 0.259766 0.006836 0.011719
0 0.567871 0.266927 0.006836 0.010417
0 0.552734 0.264323 0.005859 0.010417
0 0.561035 0.248047 0.006836 0.009115
0 0.575195 0.246745 0.005859 0.009115
0 0.596191 0.240234 0.004883 0.011719
0 0.617188 0.240885 0.005859 0.010417
0 0.597656 0.228516 0.005859 0.009115
0 0.602051 0.223307 0.004883 0.009115
0 0.614258 0.216797 0.005859 0.009115
0 0.606934 0.215495 0.004883 0.009115
0 0.580078 0.231771 0.005859 0.010417
0 0.587402 0.214193 0.004883 0.009115
0 0.592773 0.205729 0.005859 0.010417
0 0.607910 0.203125 0.004883 0.010417
0 0.628418 0.197917 0.004883 0.010417
0 0.624023 0.201172 0.003906 0.009115
0 0.570312 0.214193 0.005859 0.011719
0 0.576172 0.204427 0.005859 0.010417
0 0.561523 0.235026 0.005859 0.009115
0 0.547852 0.218099 0.005859 0.011719
0 0.554688 0.208984 0.005859 0.011719
0 0.557129 0.195312 0.004883 0.010417
0 0.578613 0.192057 0.004883 0.009115
0 0.593262 0.194010 0.004883 0.010417
0 0.602051 0.284505 0.004883 0.009115
0 0.643066 0.199870 0.004883 0.009115
0 0.652832 0.206380 0.004883 0.006510
0 0.651855 0.189453 0.004883 0.011719
0 0.629395 0.188151 0.004883 0.009115
0 0.626465 0.173828 0.004883 0.009115
0 0.611328 0.190104 0.005859 0.010417
0 0.600586 0.194661 0.005859 0.006510
0 0.597168 0.179036 0.004883 0.009115
0 0.599121 0.169271 0.004883 0.010417
0 0.619629 0.169922 0.004883 0.009115
0 0.615723 0.155599 0.004883 0.009115
0 0.637695 0.166016 0.005859 0.011719
0 0.647461 0.174479 0.005859 0.013021
0 0.656250 0.168620 0.005859 0.011719
0 0.652344 0.159505 0.003906 0.009115
0 0.641113 0.148438 0.004883 0.007812
0 0.639648 0.154948 0.005859 0.007812
0 0.641113 0.138021 0.004883 0.010417
0 0.626465 0.141276 0.004883 0.009115
0 0.612793 0.142578 0.004883 0.009115
0 0.601074 0.152995 0.004883 0.009115
0 0.589355 0.158854 0.004883 0.007812
0 0.582520 0.171224 0.004883 0.009115
0 0.596191 0.156250 0.004883 0.010417
0 0.581543 0.182292 0.004883 0.010417
0 0.569824 0.160156 0.004883 0.010417
0 0.576660 0.164062 0.004883 0.007812
0 0.597168 0.139974 0.004883 0.011719
0 0.571289 0.143229 0.003906 0.007812
0 0.556641 0.181641 0.005859 0.009115
0 0.562988 0.171224 0.004883 0.009115
0 0.548340 0.173177 0.004883 0.010417
0 0.646484 0.122396 0.007812 0.010417
0 0.653320 0.141927 0.003906 0.007812
0 0.635254 0.120443 0.006836 0.011719
0 0.604980 0.118490 0.006836 0.013021
0 0.610840 0.106120 0.004883 0.009115
0 0.596191 0.114583 0.004883 0.007812
0 0.619629 0.118490 0.006836 0.010417
0 0.648438 0.092448 0.003906 0.007812
0 0.639160 0.101562 0.004883 0.007812
0 0.626465 0.091146 0.004883 0.010417
0 0.611816 0.094401 0.004883 0.009115
0 0.619629 0.093099 0.004883 0.011719
0 0.650879 0.076172 0.004883 0.011719
0 0.663086 0.076172 0.005859 0.009115
0 0.601074 0.079427 0.004883 0.010417
0 0.620605 0.076172 0.004883 0.009115
0 0.631348 0.076172 0.004883 0.011719
0 0.591797 0.094401 0.005859 0.011719
0 0.582520 0.115234 0.004883 0.011719
0 0.570312 0.121094 0.005859 0.010417
0 0.571289 0.096354 0.005859 0.010417
0 0.563965 0.117839 0.004883 0.009115
0 0.552246 0.119792 0.004883 0.010417
0 0.560059 0.143229 0.004883 0.010417
0 0.554199 0.163411 0.004883 0.009115
0 0.541504 0.159505 0.004883 0.009115
0 0.527832 0.145182 0.004883 0.009115
0 0.544434 0.147786 0.004883 0.009115
0 0.523926 0.162109 0.004883 0.009115
0 0.532715 0.123698 0.004883 0.010417
0 0.529785 0.113932 0.004883 0.009115
0 0.545410 0.112630 0.004883 0.009115
0 0.550781 0.097656 0.005859 0.010417
0 0.556641 0.078776 0.005859 0.009115
0 0.533203 0.100260 0.003906 0.007812
0 0.540039 0.076823 0.003906 0.007812
0 0.518066 0.102214 0.004883 0.009115
0 0.521973 0.077474 0.004883 0.009115
0 0.503906 0.287760 0.005859 0.013021
0 0.516602 0.277344 0.005859 0.010417
0 0.522949 0.287760 0.006836 0.010417
0 0.534668 0.262370 0.006836 0.011719
0 0.543457 0.246094 0.004883 0.010417
0 0.550293 0.242188 0.004883 0.010417
0 0.517578 0.261719 0.005859 0.010417
0 0.512695 0.250651 0.005859 0.011719
0 0.525391 0.240885 0.005859 0.010417
0 0.499512 0.272786 0.004883 0.009115
0 0.500977 0.261719 0.005859 0.010417
0 0.496582 0.253255 0.004883 0.009115
0 0.485840 0.285156 0.006836 0.010417
0 0.486328 0.250651 0.005859 0.011719
0 0.468750 0.284505 0.005859 0.011719
0 0.462402 0.283203 0.004883 0.009115
0 0.457520 0.285156 0.006836 0.010417
0 0.451172 0.287760 0.005859 0.013021
0 0.462402 0.270182 0.006836 0.011719
0 0.479492 0.262370 0.005859 0.009115
0 0.480957 0.274740 0.004883 0.010417
0 0.446777 0.278646 0.004883 0.007812
0 0.432617 0.270182 0.005859 0.009115
0 0.440430 0.262370 0.005859 0.011719
0 0.461426 0.259766 0.004883 0.009115
0 0.467285 0.254557 0.004883 0.009115
0 0.467773 0.243490 0.005859 0.010417
0 0.447754 0.245443 0.006836 0.011719
0 0.430664 0.247396 0.005859 0.010417
0 0.432617 0.234375 0.005859 0.010417
0 0.491211 0.233724 0.005859 0.009115
0 0.486816 0.324870 0.006836 0.011719
0 0.458008 0.331380 0.005859 0.009115
0 0.428223 0.333333 0.004883 0.007812
0 0.496582 0.319010 0.006836 0.010417
0 0.542969 0.229167 0.005859 0.010417
0 0.521973 0.224609 0.004883 0.009115
0 0.522461 0.233073 0.005859 0.007812
0 0.530273 0.218099 0.005859 0.011719
0 0.536133 0.207031 0.005859 0.013021
0 0.541504 0.197266 0.004883 0.009115
0 0.539062 0.179688 0.005859 0.010417
0 0.535156 0.171875 0.003906 0.007812
0 0.527832 0.171875 0.004883 0.010417
0 0.521973 0.195312 0.004883 0.010417
0 0.513184 0.211589 0.004883 0.011719
0 0.508301 0.220703 0.004883 0.009115
0 0.506348 0.199870 0.004883 0.011719
0 0.507324 0.179036 0.004883 0.011719
0 0.512695 0.171224 0.003906 0.009115
0 0.495605 0.173828 0.004883 0.009115
0 0.502930 0.229167 0.005859 0.010417
0 0.490723 0.216797 0.004883 0.011719
0 0.492188 0.204427 0.005859 0.010417
0 0.469727 0.231120 0.005859 0.009115
0 0.470703 0.218750 0.005859 0.010417
0 0.450684 0.231771 0.004883 0.010417
0 0.489746 0.240885 0.004883 0.007812
0 0.456055 0.257812 0.003906 0.007812
0 0.457520 0.210938 0.004883 0.007812
0 0.476074 0.209635 0.004883 0.010417
0 0.485840 0.194010 0.004883 0.010417
0 0.452148 0.220703 0.005859 0.009115
0 0.440430 0.207031 0.005859 0.013021
0 0.452148 0.195964 0.003906 0.009115
0 0.470703 0.195964 0.005859 0.009115
0 0.485840 0.178385 0.004883 0.010417
0 0.468262 0.182292 0.004883 0.010417
0 0.452148 0.180339 0.005859 0.011719
0 0.439453 0.171875 0.005859 0.010417
0 0.454102 0.168620 0.005859 0.009115
0 0.456055 0.159505 0.003906 0.009115
0 0.461426 0.164062 0.004883 0.007812
0 0.470703 0.169922 0.005859 0.011719
0 0.459473 0.180339 0.002930 0.009115
0 0.472656 0.158203 0.005859 0.009115
0 0.479980 0.145182 0.004883 0.009115
0 0.491699 0.154948 0.004883 0.010417
0 0.510254 0.164714 0.004883 0.006510
0 0.506348 0.143229 0.004883 0.010417
0 0.464355 0.147135 0.004883 0.010417
0 0.447266 0.147135 0.005859 0.010417
0 0.437012 0.194010 0.004883 0.010417
0 0.513184 0.120443 0.004883 0.009115
0 0.508789 0.111979 0.003906 0.010417
0 0.492676 0.120443 0.004883 0.011719
0 0.486328 0.117839 0.003906 0.009115
0 0.498535 0.100911 0.004883 0.009115
0 0.470703 0.117188 0.003906 0.007812
0 0.464844 0.123698 0.005859 0.010417
0 0.453125 0.118490 0.003906 0.007812
0 0.454590 0.099609 0.004883 0.009115
0 0.435059 0.115885 0.004883 0.007812
0 0.438965 0.102214 0.004883 0.009115
0 0.474121 0.097005 0.004883 0.009115
0 0.554688 0.060547 0.003906 0.009115
0 0.542480 0.060547 0.004883 0.009115
0 0.508301 0.061198 0.004883 0.010417
0 0.500977 0.079427 0.005859 0.010417
0 0.472656 0.083984 0.005859 0.009115
0 0.454590 0.083333 0.004883 0.010417
0 0.437500 0.083333 0.003906 0.010417
0 0.496582 0.054036 0.006836 0.011719
0 0.423340 0.083984 0.004883 0.009115
0 0.416992 0.086589 0.003906 0.009115
0 0.425781 0.122396 0.005859 0.010417
0 0.433594 0.097656 0.005859 0.013021
0 0.412109 0.115885 0.005859 0.010417
0 0.408691 0.061849 0.004883 0.011719
0 0.402832 0.080078 0.004883 0.009115
0 0.399902 0.100260 0.004883 0.010417
0 0.431152 0.180990 0.004883 0.010417
0 0.428223 0.143229 0.004883 0.010417
0 0.407715 0.144531 0.004883 0.010417
0 0.417480 0.148438 0.004883 0.007812
0 0.407227 0.126302 0.003906 0.007812
0 0.395508 0.119141 0.003906 0.009115
0 0.403809 0.158854 0.004883 0.010417
0 0.420410 0.157552 0.004883 0.007812
0 0.414062 0.158854 0.003906 0.007812
0 0.422363 0.167969 0.004883 0.010417
0 0.434082 0.168620 0.004883 0.009115
0 0.416504 0.182943 0.004883 0.009115
0 0.404297 0.172526 0.005859 0.011719
0 0.419434 0.196615 0.004883 0.010417
0 0.420898 0.206380 0.005859 0.011719
0 0.414062 0.208333 0.005859 0.010417
0 0.415527 0.216146 0.006836 0.010417
0 0.396484 0.216797 0.005859 0.011719
0 0.403320 0.201823 0.005859 0.007812
0 0.389160 0.175130 0.004883 0.009115
0 0.384277 0.171875 0.004883 0.010417
0 0.388184 0.160807 0.004883 0.011719
0 0.392578 0.146484 0.003906 0.009115
0 0.377441 0.151693 0.004883 0.009115
0 0.371582 0.171224 0.004883 0.011719
0 0.367676 0.180990 0.004883 0.010417
0 0.368652 0.159505 0.004883 0.009115
0 0.387695 0.123698 0.005859 0.013021
0 0.439941 0.123698 0.002930 0.007812
0 0.427246 0.286458 0.004883 0.010417
0 0.422363 0.261068 0.004883 0.011719
0 0.415527 0.233073 0.004883 0.010417
0 0.410156 0.244141 0.005859 0.011719
0 0.398438 0.233073 0.005859 0.010417
0 0.390625 0.245443 0.005859 0.011719
0 0.377930 0.218099 0.005859 0.009115
0 0.386230 0.220052 0.004883 0.007812
0 0.372070 0.231771 0.005859 0.013021
0 0.371582 0.245443 0.004883 0.011719
0 0.370117 0.259115 0.005859 0.010417
0 0.385742 0.269531 0.005859 0.013021
0 0.389160 0.257812 0.004883 0.010417
0 0.403320 0.263021 0.005859 0.010417
0 0.365234 0.271484 0.005859 0.011719
0 0.348145 0.272786 0.004883 0.009115
0 0.350586 0.262370 0.005859 0.011719
0 0.344727 0.262370 0.003906 0.006510
0 0.325684 0.270833 0.004883 0.010417
0 0.331055 0.257161 0.005859 0.011719
0 0.339844 0.229818 0.005859 0.011719
0 0.333984 0.227214 0.005859 0.011719
0 0.314453 0.228516 0.005859 0.011719
0 0.304688 0.236328 0.005859 0.011719
0 0.351074 0.171875 0.004883 0.010417
0 0.360352 0.147786 0.003906 0.009115
0 0.350586 0.160807 0.005859 0.011719
0 0.359375 0.156250 0.005859 0.013021
0 0.341309 0.147786 0.004883 0.009115
0 0.335449 0.145182 0.002930 0.003906
0 0.334473 0.160156 0.004883 0.010417
0 0.336426 0.171875 0.004883 0.010417
0 0.317871 0.173177 0.004883 0.010417
0 0.317871 0.158854 0.004883 0.010417
0 0.325684 0.145833 0.004883 0.010417
0 0.307129 0.147135 0.004883 0.010417
0 0.308594 0.162109 0.005859 0.011719
0 0.283203 0.162109 0.005859 0.009115
0 0.280762 0.171875 0.004883 0.010417
0 0.293457 0.145833 0.004883 0.010417
0 0.275391 0.149740 0.005859 0.010417
0 0.341797 0.125651 0.003906 0.009115
0 0.348633 0.126953 0.005859 0.009115
0 0.361816 0.121094 0.004883 0.010417
0 0.351074 0.117188 0.004883 0.010417
0 0.327148 0.123047 0.003906 0.009115
0 0.335449 0.121094 0.006836 0.010417
0 0.309082 0.124349 0.004883 0.009115
0 0.299316 0.121745 0.004883 0.009115
0 0.292480 0.126302 0.004883 0.007812
0 0.277832 0.125000 0.004883 0.010417
0 0.272949 0.116536 0.004883 0.009115
0 0.314453 0.102865 0.003906 0.007812
0 0.322754 0.103516 0.004883 0.009115
0 0.334473 0.104167 0.004883 0.007812
0 0.291016 0.101562 0.003906 0.007812
0 0.276855 0.102214 0.004883 0.009115
0 0.289062 0.227865 0.005859 0.013021
0 0.383301 0.100260 0.004883 0.010417
0 0.386719 0.080729 0.003906 0.010417
0 0.390137 0.063151 0.004883 0.009115
0 0.359863 0.081380 0.004883 0.009115
0 0.360352 0.098307 0.003906 0.011719
0 0.340332 0.098307 0.004883 0.009115
0 0.304688 0.078776 0.003906 0.009115
0 0.292480 0.085286 0.004883 0.009115
0 0.277832 0.083984 0.004883 0.009115
0 0.247070 0.254557 0.007812 0.009115
0 0.235352 0.266276 0.005859 0.011719
0 0.229980 0.272786 0.004883 0.009115
0 0.217773 0.263021 0.005859 0.010417
0 0.229980 0.258464 0.004883 0.006510
0 0.236816 0.246094 0.004883 0.007812
0 0.244141 0.233073 0.005859 0.007812
0 0.256836 0.233073 0.005859 0.007812
0 0.197754 0.263021 0.004883 0.010417
0 0.212891 0.250000 0.005859 0.010417
0 0.198242 0.251302 0.005859 0.010417
0 0.221191 0.236328 0.004883 0.009115
0 0.208984 0.225260 0.005859 0.010417
0 0.227539 0.222656 0.005859 0.010417
0 0.245605 0.220703 0.004883 0.009115
0 0.250488 0.210286 0.004883 0.009115
0 0.229004 0.210938 0.004883 0.010417
0 0.236328 0.225260 0.003906 0.007812
0 0.208984 0.236328 0.005859 0.006510
0 0.208984 0.210286 0.005859 0.009115
0 0.270996 0.226562 0.004883 0.010417
0 0.277832 0.223958 0.006836 0.013021
0 0.260742 0.217448 0.003906 0.007812
0 0.254395 0.200521 0.004883 0.010417
0 0.253418 0.183594 0.004883 0.010417
0 0.266113 0.171875 0.004883 0.010417
0 0.236816 0.188151 0.004883 0.009115
0 0.235352 0.197917 0.005859 0.010417
0 0.246582 0.170573 0.004883 0.010417
0 0.211426 0.199219 0.004883 0.010417
0 0.218262 0.199219 0.004883 0.007812
0 0.211914 0.188151 0.005859 0.009115
0 0.212402 0.174479 0.004883 0.010417
0 0.229004 0.169922 0.004883 0.011719
0 0.232910 0.162109 0.004883 0.009115
0 0.217285 0.162109 0.004883 0.009115
0 0.229980 0.149740 0.004883 0.010417
0 0.249512 0.162760 0.004883 0.010417
0 0.260742 0.172526 0.005859 0.011719
0 0.265137 0.158854 0.004883 0.010417
0 0.260254 0.147786 0.004883 0.009115
0 0.244629 0.145833 0.004883 0.010417
0 0.274902 0.205078 0.004883 0.011719
0 0.210449 0.149089 0.004883 0.009115
0 0.178223 0.250651 0.004883 0.011719
0 0.194824 0.235026 0.004883 0.011719
0 0.202637 0.222005 0.004883 0.009115
0 0.179199 0.236979 0.004883 0.010417
0 0.186035 0.223958 0.004883 0.010417
0 0.172363 0.223307 0.004883 0.009115
0 0.172852 0.210286 0.005859 0.011719
0 0.188965 0.210286 0.004883 0.009115
0 0.194824 0.200521 0.004883 0.007812
0 0.196289 0.187500 0.003906 0.007812
0 0.200684 0.181641 0.004883 0.011719
0 0.176270 0.197917 0.004883 0.010417
0 0.180176 0.186198 0.004883 0.010417
0 0.155762 0.200521 0.004883 0.010417
0 0.154785 0.211589 0.004883 0.011719
0 0.162598 0.187500 0.004883 0.010417
0 0.134766 0.219401 0.005859 0.011719
0 0.138672 0.211589 0.005859 0.009115
0 0.140137 0.198568 0.004883 0.009115
0 0.143066 0.188151 0.004883 0.009115
0 0.114746 0.225911 0.004883 0.009115
0 0.100098 0.224609 0.004883 0.011719
0 0.102051 0.215495 0.004883 0.009115
0 0.120605 0.197917 0.004883 0.010417
0 0.119629 0.209635 0.004883 0.010417
0 0.101074 0.203776 0.004883 0.006510
0 0.125488 0.190755 0.004883 0.009115
0 0.081543 0.227214 0.004883 0.009115
0 0.081543 0.213542 0.004883 0.010417
0 0.085938 0.202474 0.005859 0.011719
0 0.094727 0.188151 0.003906 0.009115
0 0.110352 0.190104 0.003906 0.007812
0 0.079590 0.190104 0.004883 0.010417
0 0.076172 0.176432 0.005859 0.011719
0 0.094238 0.174479 0.004883 0.010417
0 0.111816 0.178385 0.004883 0.010417
0 0.130371 0.180339 0.004883 0.011719
0 0.145996 0.176432 0.004883 0.009115
0 0.114746 0.167318 0.004883 0.009115
0 0.048340 0.225911 0.004883 0.009115
0 0.059082 0.225260 0.004883 0.010417
0 0.066895 0.225911 0.004883 0.011719
0 0.064941 0.211589 0.004883 0.009115
0 0.067383 0.200521 0.005859 0.013021
0 0.047363 0.212240 0.004883 0.010417
0 0.028320 0.224609 0.005859 0.011719
0 0.029785 0.212891 0.004883 0.011719
0 0.027344 0.199870 0.005859 0.011719
0 0.039551 0.191406 0.004883 0.007812
0 0.062500 0.190755 0.005859 0.011719
0 0.055176 0.179688 0.004883 0.007812
0 0.066895 0.167318 0.004883 0.011719
0 0.082031 0.163411 0.005859 0.011719
0 0.040039 0.201172 0.003906 0.006510
0 0.035156 0.176432 0.005859 0.011719
0 0.025879 0.188151 0.004883 0.009115
0 0.040039 0.172526 0.003906 0.009115
0 0.049316 0.166016 0.004883 0.009115
0 0.038086 0.158854 0.003906 0.007812
0 0.033691 0.163411 0.004883 0.009115
0 0.049316 0.149740 0.004883 0.010417
0 0.077637 0.148438 0.004883 0.013021
0 0.094238 0.149089 0.004883 0.011719
0 0.098633 0.160807 0.005859 0.011719
0 0.078125 0.204427 0.003906 0.005208
0 0.091309 0.128255 0.004883 0.009115
0 0.086914 0.125000 0.005859 0.010417
0 0.073730 0.122396 0.006836 0.013021
0 0.054199 0.121094 0.004883 0.007812
0 0.043945 0.123047 0.003906 0.009115
0 0.038086 0.127604 0.005859 0.010417
0 0.024902 0.122396 0.004883 0.007812
0 0.022461 0.132161 0.003906 0.009115
0 0.035645 0.102214 0.004883 0.009115
0 0.021484 0.107422 0.003906 0.009115
0 0.096680 0.104167 0.005859 0.010417
0 0.052246 0.102865 0.004883 0.010417
0 0.083984 0.107422 0.005859 0.009115
0 0.015137 0.084635 0.004883 0.013021
0 0.029297 0.069661 0.003906 0.011719
0 0.032227 0.085286 0.003906 0.009115
0 0.047852 0.087240 0.003906 0.007812
0 0.073242 0.088542 0.003906 0.010417
0 0.086426 0.087891 0.004883 0.009115
0 0.073730 0.069661 0.004883 0.009115
0 0.084473 0.074870 0.002930 0.006510
0 0.089844 0.075521 0.003906 0.007812
0 0.102539 0.085286 0.003906 0.009115
0 0.102051 0.070964 0.004883 0.009115
0 0.099609 0.051432 0.003906 0.009115
0 0.109375 0.114583 0.003906 0.007812
0 0.110840 0.128906 0.004883 0.010417
0 0.111816 0.147786 0.004883 0.011719
0 0.017090 0.179688 0.004883 0.010417
0 0.018555 0.166667 0.005859 0.013021
0 0.032715 0.151042 0.004883 0.010417
0 0.037109 0.144531 0.005859 0.010417
0 0.031738 0.124349 0.004883 0.009115
0 0.166504 0.175130 0.004883 0.011719
0 0.174316 0.176432 0.004883 0.009115
0 0.185059 0.175781 0.004883 0.010417
0 0.168457 0.165365 0.004883 0.010417
0 0.172363 0.159505 0.004883 0.009115
0 0.153320 0.163411 0.005859 0.011719
0 0.143066 0.171224 0.004883 0.006510
0 0.131348 0.162760 0.004883 0.010417
0 0.128906 0.151693 0.005859 0.009115
0 0.144043 0.149089 0.004883 0.009115
0 0.162598 0.150391 0.004883 0.009115
0 0.175781 0.149740 0.005859 0.010417
0 0.186035 0.162109 0.004883 0.009115
0 0.128418 0.124349 0.004883 0.011719
0 0.145996 0.122396 0.004883 0.010417
0 0.150879 0.115885 0.004883 0.007812
0 0.122559 0.120443 0.004883 0.009115
0 0.176270 0.125651 0.004883 0.009115
0 0.156250 0.123047 0.003906 0.009115
0 0.176270 0.114583 0.004883 0.007812
0 0.138672 0.103516 0.003906 0.009115
0 0.122559 0.102865 0.004883 0.010417
0 0.153809 0.106120 0.004883 0.009115
0 0.177734 0.104818 0.003906 0.006510
0 0.195801 0.173828 0.004883 0.009115
0 0.204102 0.162109 0.003906 0.009115
0 0.197754 0.149740 0.004883 0.010417
0 0.191895 0.130208 0.004883 0.010417
0 0.209961 0.126302 0.005859 0.010417
0 0.231934 0.116536 0.004883 0.009115
0 0.215820 0.117839 0.003906 0.009115
0 0.240234 0.134115 0.005859 0.007812
0 0.250488 0.122396 0.004883 0.010417
0 0.255371 0.117188 0.004883 0.010417
0 0.245117 0.122396 0.003906 0.007812
0 0.233887 0.122396 0.004883 0.007812
0 0.218262 0.106120 0.004883 0.009115
0 0.192871 0.118490 0.004883 0.010417
0 0.191895 0.103516 0.004883 0.009115
0 0.220215 0.086589 0.004883 0.009115
0 0.239258 0.086589 0.003906 0.009115
0 0.245605 0.104167 0.004883 0.010417
0 0.174316 0.082682 0.004883 0.009115
0 0.184570 0.093099 0.005859 0.009115
0 0.208496 0.103516 0.004883 0.009115
0 0.118652 0.083984 0.004883 0.009115
0 0.108398 0.109375 0.005859 0.007812
0 0.136719 0.090495 0.003906 0.009115
0 0.151367 0.093099 0.003906 0.009115
0 0.155273 0.101562 0.005859 0.010417
0 0.142090 0.070964 0.004883 0.009115
0 0.147461 0.096354 0.005859 0.010417
0 0.256348 0.082031 0.004883 0.010417
0 0.255859 0.108073 0.005859 0.010417
0 0.225586 0.074870 0.007812 0.011719
0 0.240723 0.066406 0.004883 0.010417
0 0.199707 0.080078 0.004883 0.011719
0 0.203125 0.055990 0.003906 0.007812
0 0.179688 0.068359 0.005859 0.009115
0 0.174316 0.070964 0.004883 0.006510
0 0.258301 0.069661 0.004883 0.009115
0 0.299316 0.074870 0.006836 0.014323
0 0.380859 0.208984 0.005859 0.009115
0 0.386230 0.195964 0.004883 0.009115
0 0.299316 0.173177 0.006836 0.013021
0 0.299805 0.160807 0.003906 0.009115
0 0.956543 0.317057 0.006836 0.011719
0 0.008789 0.223958 0.005859 0.010417
0 0.011719 0.213542 0.005859 0.010417
0 0.009766 0.199870 0.005859 0.009115
0 0.007812 0.187500 0.005859 0.010417
0 0.005859 0.168620 0.005859 0.009115
0 0.014648 0.147135 0.005859 0.010417
0 0.008301 0.119141 0.004883 0.009115
0 0.001953 0.126953 0.003906 0.009115
0 0.001953 0.174479 0.003906 0.007812