0 0.226074 0.121701 0.036133 0.064516
0 0.230957 0.336510 0.006836 0.016129
0 0.237305 0.337977 0.005859 0.010264
0 0.248535 0.329179 0.004883 0.010264
0 0.211426 0.324780 0.004883 0.010264
0 0.257812 0.333578 0.003906 0.007331
0 0.300781 0.561584 0.017578 0.017595
0 0.320801 0.594575 0.004883 0.010264
0 0.330078 0.583578 0.005859 0.011730
0 0.527344 0.337243 0.007812 0.011730
0 0.517578 0.347507 0.009766 0.014663
0 0.504883 0.335777 0.005859 0.011730
0 0.484863 0.339443 0.006836 0.010264
0 0.467773 0.344575 0.007812 0.011730
0 0.460938 0.333578 0.007812 0.013196
0 0.636230 0.570381 0.008789 0.023460
0 0.766113 0.532991 0.004883 0.010264
0 0.823730 0.567449 0.008789 0.014663
0 0.817871 0.584311 0.006836 0.016129
0 0.823730 0.587977 0.006836 0.017595
0 0.816895 0.571114 0.006836 0.010264
0 0.831055 0.566716 0.007812 0.013196
0 0.848145 0.606305 0.008789 0.013196
0 0.694824 0.299120 0.008789 0.017595
0 0.672852 0.310850 0.007812 0.014663
0 0.690918 0.247801 0.008789 0.014663
0 0.731934 0.245601 0.006836 0.013196
0 0.987793 0.111437 0.004883 0.008798