0 0.854980 0.584516 0.041992 0.085161
0 0.465820 0.086452 0.011719 0.015484
0 0.424805 0.083871 0.009766 0.015484
0 0.508789 0.106452 0.009766 0.014194
0 0.486328 0.094194 0.011719 0.015484
0 0.922852 0.058065 0.009766 0.015484
0 0.937500 0.062581 0.009766 0.014194
0 0.712402 0.163871 0.014648 0.020645
0 0.149902 0.583871 0.036133 0.076129
0 0.898438 0.561935 0.046875 0.083871
0 0.434570 0.670323 0.070312 0.096774
0 0.379395 0.541935 0.040039 0.056774
0 0.437012 0.098710 0.008789 0.014194
0 0.396484 0.097419 0.009766 0.014194
0 0.985840 0.065806 0.010742 0.015484
0 0.987793 0.117419 0.008789 0.015484
0 0.675781 0.062581 0.009766 0.014194
0 0.567871 0.057419 0.010742 0.014194
0 0.619629 0.090968 0.010742 0.014194
0 0.641602 0.150968 0.009766 0.015484
0 0.512695 0.058065 0.009766 0.012903
0 0.577637 0.090323 0.010742 0.015484
0 0.349121 0.134194 0.012695 0.020645
0 0.047852 0.603226 0.046875 0.078710
0 0.399902 0.149677 0.012695 0.023226
0 0.368164 0.087097 0.011719 0.019355
0 0.357422 0.097419 0.011719 0.016774
0 0.543457 0.090323 0.010742 0.020645
0 0.543457 0.134194 0.012695 0.018065
0 0.437500 0.116774 0.013672 0.016774